1087
7
1748014340
 0 1 1 121 199  21 (D 0,1,1) (S 36,25,33) (S 48,33,41) (S 64,41,42) (S 21,42,42) (S 110,43,44) (S 9,44,44) (S 27,37,38) (S 16,38,38) (S 31,38,46) (S 11,45,45) (S 60,45,49) (S 62,49,50) (S 80,50,45) (S 108,45,50) (S 55,50,49) (S 105,49,45) (S 33,48,49) (S 85,50,46) (S 14,46,46) (D 0,1,1)
 0 1 2 103 141  15 (D 0,1,1) (S 100,15,24) (S 61,24,29) (S 28,29,37) (S 38,37,44) (S 91,36,35) (S 43,35,27) (S 7,34,34) (S 35,34,33) (S 15,43,43) (S 51,26,25) (S 2,25,25) (S 111,20,21) (S 59,13,9) (D 0,1,1)
 0 1 3 105 185  22 (D 0,1,1) (S 39,1,9) (S 10,14,14) (S 76,14,23) (S 19,28,28) (S 104,28,36) (S 97,35,36) (S 17,36,36) (S 44,36,44) (S 69,36,38) (S 42,38,30) (S 57,30,24) (S 98,23,22) (S 4,22,22) (S 8,21,21) (S 81,27,26) (S 88,26,27) (S 90,27,28) (S 65,28,29) (S 34,29,30) (S 92,30,17) (D 0,1,1)
 0 1 4 58 97  14 (D 0,1,1) (S 95,15,23) (S 5,23,23) (S 89,23,29) (S 6,29,29) (S 73,29,24) (S 58,24,23) (S 103,23,14) (S 41,14,9) (S 45,9,8) (S 96,8,13) (S 23,13,13) (S 46,13,22) (D 0,1,1)
 0 1 5 17 27  6 (D 0,1,1) (S 83,1,5) (S 12,2,2) (S 56,2,5) (S 74,5,1) (D 0,1,1)
 0 1 6 118 189  18 (D 0,1,1) (S 86,3,6) (S 75,6,11) (S 24,11,11) (S 79,11,10) (S 1,10,10) (S 47,32,40) (S 37,32,19) (S 26,7,6) (S 52,6,5) (S 106,5,2) (S 66,3,4) (S 94,4,3) (S 50,4,7) (S 22,7,7) (S 67,11,6) (S 32,5,10) (D 0,1,1)
 0 1 7 132 211  21 (D 0,1,1) (S 53,1,16) (S 49,16,17) (S 13,17,17) (S 101,17,30) (S 82,30,39) (S 30,39,47) (S 40,47,40) (S 20,40,40) (S 102,18,19) (S 18,19,19) (S 68,19,12) (S 71,12,7) (S 99,18,17) (S 29,17,31) (S 3,31,31) (S 54,31,39) (S 107,39,40) (S 25,15,15) (S 84,15,1) (D 0,1,1)
