312
8
1748014339
 0 1 1 4 8  3 (D 0,1,1) (S 15,1,2) (D 0,1,1)
 0 1 2 20 51  8 (D 0,1,1) (S 5,8,8) (S 13,8,14) (S 18,14,18) (S 27,18,17) (S 10,17,17) (S 25,13,12) (D 0,1,1)
 0 1 3 20 42  6 (D 0,1,1) (S 39,20,23) (S 33,23,24) (S 23,23,22) (S 31,22,19) (D 0,1,1)
 0 1 4 17 50  7 (D 0,1,1) (S 14,9,10) (S 17,10,11) (S 16,6,7) (S 29,7,8) (S 35,12,11) (D 0,1,1)
 0 1 5 20 49  10 (D 0,1,1) (S 9,4,4) (S 2,11,11) (S 37,11,12) (S 19,13,17) (S 20,17,16) (S 28,16,12) (S 26,12,6) (S 30,6,12) (D 0,1,1)
 0 1 6 16 29  7 (D 0,1,1) (S 21,3,4) (S 32,4,5) (S 22,9,19) (S 1,19,19) (S 8,9,9) (D 0,1,1)
 0 1 7 20 50  10 (D 0,1,1) (S 12,2,2) (S 36,12,13) (S 38,13,14) (S 41,16,15) (S 11,15,15) (S 24,15,21) (S 3,21,21) (S 34,21,20) (D 0,1,1)
 0 1 8 20 31  5 (D 0,1,1) (S 6,3,3) (S 4,5,5) (S 7,10,10) (D 0,1,1)
