899
7
1748014339
 0 1 1 73 68  6 (D 0,1,1) (S 4,26,26) (S 18,28,28) (S 20,27,27) (S 40,27,34) (D 0,1,1)
 0 1 2 12 20  4 (D 0,1,1) (S 62,1,35) (S 69,35,1) (D 0,1,1)
 0 1 3 100 154  15 (D 0,1,1) (S 29,1,33) (S 41,33,34) (S 47,34,35) (S 49,35,36) (S 5,29,29) (S 30,29,30) (S 8,30,30) (S 71,30,37) (S 32,37,31) (S 1,31,31) (S 84,31,30) (S 10,36,36) (S 79,36,35) (D 0,1,1)
 0 1 4 113 178  21 (D 0,1,1) (S 78,1,6) (S 19,6,6) (S 24,12,17) (S 83,17,13) (S 35,13,7) (S 81,13,17) (S 56,17,20) (S 12,20,20) (S 45,20,23) (S 27,23,24) (S 48,24,25) (S 53,25,22) (S 7,22,22) (S 42,22,21) (S 23,21,24) (S 34,21,20) (S 37,17,18) (S 11,18,18) (S 54,19,13) (D 0,1,1)
 0 1 5 89 167  19 (D 0,1,1) (S 6,2,2) (S 70,2,3) (S 16,3,3) (S 46,3,4) (S 57,4,5) (S 44,3,37) (S 64,32,39) (S 39,39,38) (S 14,38,38) (S 60,38,4) (S 52,4,38) (S 74,38,37) (S 2,37,37) (S 73,31,38) (S 25,39,5) (S 13,5,5) (S 65,3,2) (D 0,1,1)
 0 1 6 99 137  13 (D 0,1,1) (S 28,1,40) (S 31,40,8) (S 17,8,8) (S 80,9,15) (S 36,15,14) (S 15,15,15) (S 76,15,9) (S 38,9,10) (S 58,10,16) (S 82,16,10) (S 26,10,1) (D 0,1,1)
 0 1 7 73 112  11 (D 0,1,1) (S 77,1,11) (S 72,11,12) (S 61,12,11) (S 9,11,11) (S 50,12,6) (S 33,18,13) (S 3,13,13) (S 22,6,2) (S 43,2,1) (D 0,1,1)
