48007
8
1748014379
 0 1 1 1891 5019  22 (D 0,1,1) (S 237,188,189) (S 122,137,249) (S 193,137,138) (S 83,14,14) (S 21,65,65) (S 59,98,98) (S 206,244,243) (S 75,66,66) (S 178,170,169) (S 18,10,10) (S 148,10,123) (S 151,123,124) (S 7,74,74) (S 181,74,275) (S 38,87,87) (S 35,55,55) (S 234,226,225) (S 8,1,1) (S 135,1,210) (S 164,210,211) (D 0,1,1)
 0 1 2 1362 4173  22 (D 0,1,1) (S 235,201,202) (S 152,139,140) (S 27,9,9) (S 188,9,127) (S 76,26,26) (S 43,25,25) (S 41,33,33) (S 63,69,69) (S 174,213,214) (S 146,256,255) (S 130,255,270) (S 238,270,269) (S 67,4,4) (S 223,172,173) (S 3,50,50) (S 218,185,186) (S 88,86,86) (S 128,168,167) (S 169,234,45) (S 111,45,45) (D 0,1,1)
 0 1 3 1631 4508  22 (D 0,1,1) (S 30,118,118) (S 71,111,111) (S 33,84,84) (S 158,279,280) (S 186,240,179) (S 220,231,232) (S 73,56,56) (S 2,42,42) (S 192,42,187) (S 231,284,49) (S 84,49,49) (S 142,199,200) (S 211,289,290) (S 17,104,104) (S 1,120,120) (S 190,120,293) (S 216,144,145) (S 171,145,194) (S 225,251,252) (S 230,149,157) (D 0,1,1)
 0 1 4 1843 5329  22 (D 0,1,1) (S 123,260,261) (S 55,51,51) (S 40,112,112) (S 87,81,81) (S 95,90,90) (S 57,80,80) (S 32,16,16) (S 82,62,62) (S 4,82,82) (S 69,73,73) (S 22,11,11) (S 78,5,5) (S 6,7,7) (S 226,267,268) (S 137,166,165) (S 195,165,298) (S 108,107,107) (S 46,19,19) (S 42,106,106) (S 209,106,299) (D 0,1,1)
 0 1 5 1558 8744  42 (D 0,1,1) (S 205,241,242) (S 129,242,204) (S 160,204,203) (S 68,94,94) (S 176,203,281) (S 34,95,95) (S 20,76,76) (S 92,24,24) (S 29,83,83) (S 9,36,36) (S 221,155,156) (S 208,153,154) (S 113,115,115) (S 202,154,156) (S 50,114,114) (S 64,119,119) (S 165,220,221) (S 97,117,117) (S 131,219,271) (S 11,3,3) (S 147,180,198) (S 115,44,44) (S 207,218,219) (S 184,219,141) (S 124,141,142) (S 139,142,183) (S 177,151,152) (S 201,152,285) (S 51,75,75) (S 144,158,159) (S 194,184,152) (S 240,152,142) (S 45,77,77) (S 155,176,177) (S 179,198,176) (S 153,266,265) (S 90,27,27) (S 44,70,70) (S 77,37,37) (S 109,110,110) (D 0,1,1)
 0 1 6 1766 7944  42 (D 0,1,1) (S 227,160,8) (S 70,8,8) (S 65,57,57) (S 85,17,17) (S 145,292,291) (S 138,239,238) (S 161,237,32) (S 60,32,32) (S 166,237,175) (S 134,175,174) (S 126,164,163) (S 236,216,217) (S 204,217,288) (S 157,222,223) (S 215,258,257) (S 187,278,224) (S 168,224,113) (S 86,113,113) (S 10,92,92) (S 110,52,52) (S 198,297,296) (S 107,31,31) (S 143,136,129) (S 222,129,128) (S 197,161,162) (S 150,162,229) (S 127,229,230) (S 114,68,68) (S 156,68,233) (S 81,41,41) (S 79,60,60) (S 14,61,61) (S 180,61,207) (S 52,47,47) (S 72,48,48) (S 47,30,30) (S 119,116,116) (S 56,40,40) (S 62,23,23) (S 210,294,295) (D 0,1,1)
 0 1 7 1997 6377  42 (D 0,1,1) (S 167,235,236) (S 185,273,272) (S 103,28,28) (S 116,2,2) (S 28,72,72) (S 133,259,78) (S 89,78,78) (S 74,21,21) (S 104,6,6) (S 229,215,125) (S 191,125,126) (S 13,13,13) (S 183,283,282) (S 19,43,43) (S 54,91,91) (S 23,99,99) (S 105,97,97) (S 91,102,102) (S 61,103,103) (S 162,130,131) (S 228,276,277) (S 31,29,29) (S 159,262,263) (S 132,133,146) (S 100,39,39) (S 66,20,20) (S 199,181,182) (S 106,109,109) (S 154,228,227) (S 149,143,121) (S 125,121,122) (S 163,286,287) (S 112,59,59) (S 53,12,12) (S 239,133,132) (S 200,250,150) (S 233,150,149) (S 203,193,192) (S 49,63,63) (S 120,58,58) (D 0,1,1)
 0 1 8 1434 5913  42 (D 0,1,1) (S 173,134,135) (S 214,209,208) (S 189,148,147) (S 121,191,190) (S 175,253,254) (S 170,246,245) (S 172,179,180) (S 217,180,264) (S 80,105,105) (S 12,15,15) (S 36,34,34) (S 15,64,64) (S 99,101,101) (S 25,85,85) (S 117,53,53) (S 39,22,22) (S 118,54,54) (S 140,235,274) (S 136,247,248) (S 24,67,67) (S 141,206,35) (S 93,35,35) (S 224,35,178) (S 232,196,195) (S 16,89,89) (S 101,96,96) (S 48,71,71) (S 96,88,88) (S 196,197,205) (S 219,205,171) (S 212,171,108) (S 58,108,108) (S 182,108,197) (S 213,201,212) (S 26,93,93) (S 102,46,46) (S 5,18,18) (S 37,100,100) (S 94,79,79) (S 98,38,38) (D 0,1,1)
