1214
9
1748014342
 0 1 1 72 189  12 (D 0,1,1) (S 70,14,24) (S 23,31,31) (S 43,35,39) (S 32,39,39) (S 60,39,40) (S 13,40,40) (S 76,40,41) (S 51,39,35) (S 54,35,36) (S 16,41,41) (D 0,1,1)
 0 1 2 75 137  10 (D 0,1,1) (S 69,17,20) (S 24,20,20) (S 42,20,21) (S 36,21,22) (S 61,22,28) (S 45,28,27) (S 4,17,17) (S 26,18,18) (D 0,1,1)
 0 1 3 74 127  8 (D 0,1,1) (S 31,13,13) (S 5,24,24) (S 2,25,25) (S 49,25,26) (S 22,26,26) (S 56,26,19) (D 0,1,1)
 0 1 4 75 161  14 (D 0,1,1) (S 50,10,15) (S 67,16,19) (S 27,19,19) (S 57,19,26) (S 10,32,32) (S 63,32,36) (S 34,36,40) (S 15,37,37) (S 59,37,33) (S 83,33,27) (S 30,27,27) (S 47,27,26) (D 0,1,1)
 0 1 5 75 109  6 (D 0,1,1) (S 38,15,14) (S 14,30,30) (S 12,23,23) (S 79,13,7) (D 0,1,1)
 0 1 6 69 150  10 (D 0,1,1) (S 29,36,36) (S 28,38,38) (S 53,38,34) (S 72,34,35) (S 62,35,34) (S 11,34,34) (S 3,29,29) (S 55,8,7) (D 0,1,1)
 0 1 7 75 101  11 (D 0,1,1) (S 37,9,10) (S 9,10,10) (S 64,15,16) (S 21,16,16) (S 80,16,15) (S 17,15,15) (S 44,15,10) (S 18,9,9) (S 25,8,8) (D 0,1,1)
 0 1 8 75 139  14 (D 0,1,1) (S 39,16,11) (S 8,11,11) (S 7,6,6) (S 58,12,11) (S 65,11,12) (S 73,12,6) (S 40,6,5) (S 33,5,4) (S 1,4,4) (S 66,4,3) (S 35,3,9) (S 41,9,8) (D 0,1,1)
 0 1 9 37 31  5 (D 0,1,1) (S 19,2,2) (S 20,3,3) (S 6,7,7) (D 0,1,1)
