1170
8
1748014341
 0 1 1 13 29  4 (D 0,1,1) (S 67,1,2) (S 102,2,1) (D 0,1,1)
 0 1 2 116 224  22 (D 0,1,1) (S 71,13,14) (S 31,15,15) (S 65,16,9) (S 103,3,4) (S 90,4,10) (S 24,10,10) (S 56,10,17) (S 42,17,16) (S 76,17,25) (S 19,25,25) (S 96,25,24) (S 61,16,24) (S 15,24,24) (S 50,24,32) (S 72,28,38) (S 47,43,50) (S 66,50,44) (S 18,44,44) (S 107,44,42) (S 60,42,41) (D 0,1,1)
 0 1 3 8 22  4 (D 0,1,1) (S 82,1,5) (S 110,5,1) (D 0,1,1)
 0 1 4 93 164  20 (D 0,1,1) (S 75,5,18) (S 20,18,18) (S 77,18,29) (S 57,18,26) (S 41,29,33) (S 63,33,40) (S 27,40,40) (S 92,40,34) (S 93,30,34) (S 64,34,40) (S 43,40,41) (S 6,41,41) (S 94,41,42) (S 78,42,44) (S 17,49,49) (S 85,49,41) (S 36,11,11) (S 52,11,12) (D 0,1,1)
 0 1 5 91 151  19 (D 0,1,1) (S 49,29,39) (S 13,33,33) (S 59,46,47) (S 3,47,47) (S 91,47,48) (S 14,48,48) (S 68,48,47) (S 30,34,34) (S 69,34,33) (S 100,33,34) (S 34,26,26) (S 109,26,19) (S 21,19,19) (S 84,19,20) (S 95,12,13) (S 1,13,13) (S 101,13,6) (D 0,1,1)
 0 1 6 103 163  18 (D 0,1,1) (S 106,6,7) (S 4,7,7) (S 70,7,2) (S 12,2,2) (S 89,2,7) (S 46,11,19) (S 38,26,34) (S 40,34,35) (S 2,35,35) (S 51,35,36) (S 32,36,36) (S 87,36,27) (S 26,29,29) (S 83,18,19) (S 22,5,5) (S 74,5,6) (D 0,1,1)
 0 1 7 131 188  19 (D 0,1,1) (S 37,6,6) (S 33,20,20) (S 73,21,22) (S 7,22,22) (S 28,23,23) (S 55,23,15) (S 86,15,9) (S 39,9,3) (S 25,9,9) (S 79,9,8) (S 9,8,8) (S 88,8,14) (S 35,14,14) (S 80,14,15) (S 97,23,24) (S 104,16,15) (S 58,14,13) (D 0,1,1)
 0 1 8 149 229  21 (D 0,1,1) (S 44,1,6) (S 29,12,12) (S 8,21,21) (S 98,21,27) (S 11,27,27) (S 53,27,31) (S 23,31,31) (S 99,31,37) (S 54,43,45) (S 108,45,50) (S 81,50,45) (S 5,43,43) (S 62,43,37) (S 16,38,38) (S 105,38,32) (S 45,32,28) (S 48,32,37) (S 10,37,37) (S 111,37,31) (D 0,1,1)
