35075
17
0
0
0 1 1 1633 2416 9 (D 11,1,1) (S 50,51,51) (S 61,62,62) (S 62,63,63) (S 42,43,43) (S 30,31,31) (S 41,42,42) (S 14,15,15) (D 11,1,1)
0 1 2 1589 2223 8 (D 11,1,1) (S 27,28,28) (S 28,29,29) (S 29,30,30) (S 18,19,19) (S 16,17,17) (S 4,4,4) (D 11,1,1)
0 1 3 1489 1925 7 (D 11,1,1) (S 53,54,54) (S 73,74,74) (S 52,53,53) (S 33,34,34) (S 22,23,23) (D 11,1,1)
0 1 4 1551 2484 8 (D 11,1,1) (S 83,84,84) (S 93,94,94) (S 92,93,93) (S 81,82,82) (S 82,83,83) (S 63,64,64) (D 11,1,1)
0 1 5 1575 2125 8 (D 11,1,1) (S 46,47,47) (S 47,48,48) (S 58,59,59) (S 57,58,58) (S 67,68,68) (S 66,67,67) (D 11,1,1)
0 1 6 1627 2236 10 (D 11,1,1) (S 40,41,41) (S 49,50,50) (S 60,61,61) (S 70,71,71) (S 69,70,70) (S 59,60,60) (S 48,49,49) (S 39,40,40) (D 11,1,1)
0 1 7 1611 2270 7 (D 11,1,1) (S 68,69,69) (S 78,79,79) (S 79,80,80) (S 80,81,81) (S 77,78,78) (D 11,1,1)
0 1 8 1539 2172 7 (D 11,1,1) (S 87,88,88) (S 86,87,87) (S 74,75,75) (S 75,76,76) (S 64,65,65) (D 11,1,1)
0 1 9 1494 1935 8 (D 11,1,1) (S 43,44,44) (S 44,45,45) (S 45,46,46) (S 56,57,57) (S 55,56,56) (S 54,55,55) (D 11,1,1)
0 1 10 1464 1837 7 (D 11,1,1) (S 15,16,16) (S 6,6,6) (S 5,5,5) (S 13,14,14) (S 12,13,13) (D 11,1,1)
0 1 11 1259 1551 6 (D 11,1,1) (S 11,12,12) (S 32,33,33) (S 31,32,32) (S 21,22,22) (D 11,1,1)
0 1 12 1609 2060 8 (D 11,1,1) (S 20,21,21) (S 51,52,52) (S 71,72,72) (S 84,85,85) (S 85,86,86) (S 72,73,73) (D 11,1,1)
0 1 13 1642 2360 8 (D 11,1,1) (S 76,77,77) (S 88,89,89) (S 89,90,90) (S 91,92,92) (S 90,91,91) (S 65,66,66) (D 11,1,1)
0 1 14 1580 2255 7 (D 11,1,1) (S 8,8,8) (S 9,9,9) (S 19,20,20) (S 17,18,18) (S 7,7,7) (D 11,1,1)
0 1 15 1611 2065 7 (D 11,1,1) (S 24,25,25) (S 25,26,26) (S 23,24,24) (S 34,35,35) (S 3,3,3) (D 11,1,1)
0 1 16 914 1061 5 (D 11,1,1) (S 10,10,10) (S 1,1,1) (S 2,2,2) (D 11,1,1)
0 1 17 1578 2100 7 (D 11,1,1) (S 37,38,38) (S 35,36,36) (S 36,37,37) (S 38,39,39) (S 26,27,27) (D 11,1,1)
