374
7
123057000
53180280
0 1 1 30 48 4 (D 1,1,1) (S 1,2,2) (S 18,4,2) (D 1,1,1)
0 1 2 13 21 3 (D 1,1,1) (S 6,7,7) (D 1,1,1)
0 1 3 13 13 3 (D 1,1,1) (S 17,4,1) (D 1,1,1)
0 1 4 74 119 8 (D 1,1,1) (S 4,5,5) (S 8,2,5) (S 3,4,4) (S 11,1,8) (S 16,3,8) (S 20,7,8) (D 1,1,1)
0 1 5 37 55 7 (D 1,1,1) (S 9,5,7) (S 15,3,7) (S 21,7,10) (S 23,8,10) (S 24,9,10) (D 1,1,1)
0 1 6 31 53 6 (D 1,1,1) (S 12,1,9) (S 10,7,9) (S 19,5,9) (S 22,8,9) (D 1,1,1)
0 1 7 47 65 7 (D 1,1,1) (S 13,2,3) (S 5,6,6) (S 7,1,6) (S 14,3,6) (S 2,3,3) (D 1,1,1)
