251
6
0
0
0 1 1 27 51 9 (D 1,1,1) (S 14,1,6) (S 23,6,10) (S 17,2,6) (S 3,6,6) (S 24,6,11) (S 27,8,10) (S 8,1,10) (D 1,1,1)
0 1 2 24 54 7 (D 1,1,1) (S 7,1,5) (S 26,7,9) (S 6,9,9) (S 28,9,10) (S 10,4,9) (D 1,1,1)
0 1 3 25 41 7 (D 1,1,1) (S 11,5,7) (S 4,7,7) (S 25,7,8) (S 18,2,9) (S 22,6,9) (D 1,1,1)
0 1 4 27 36 6 (D 1,1,1) (S 2,3,3) (S 19,3,10) (S 9,3,11) (S 15,1,11) (D 1,1,1)
0 1 5 26 42 7 (D 1,1,1) (S 21,4,8) (S 5,8,8) (S 13,1,3) (S 16,2,4) (S 20,4,7) (D 1,1,1)
0 1 6 25 27 4 (D 1,1,1) (S 12,1,2) (S 1,2,2) (D 1,1,1)
