1121
7
1748014339
 0 1 1 109 204  21 (D 0,1,1) (S 75,36,38) (S 34,38,46) (S 80,46,45) (S 27,45,48) (S 13,48,48) (S 112,49,45) (S 15,42,42) (S 9,43,43) (S 56,43,48) (S 116,45,50) (S 10,50,50) (S 86,50,45) (S 64,45,49) (S 67,49,50) (S 90,50,46) (S 44,38,39) (S 114,39,40) (S 51,40,32) (S 62,40,39) (D 0,1,1)
 0 1 2 89 154  22 (D 0,1,1) (S 103,23,22) (S 100,21,26) (S 117,26,34) (S 24,25,25) (S 66,25,20) (S 25,20,20) (S 69,20,25) (S 39,25,33) (S 50,33,41) (S 70,41,42) (S 98,42,34) (S 38,34,33) (S 8,34,34) (S 28,34,35) (S 87,27,26) (S 93,26,27) (S 14,27,27) (S 95,27,28) (S 19,23,23) (S 107,23,15) (D 0,1,1)
 0 1 3 120 198  21 (D 0,1,1) (S 94,23,29) (S 23,30,30) (S 97,30,17) (S 106,17,30) (S 84,30,39) (S 36,45,44) (S 41,44,37) (S 5,37,37) (S 4,29,29) (S 79,29,24) (S 32,17,31) (S 3,31,31) (S 57,31,39) (S 33,39,47) (S 45,47,40) (S 12,19,19) (S 58,19,18) (S 6,18,18) (S 104,18,17) (D 0,1,1)
 0 1 4 104 189  20 (D 0,1,1) (S 42,1,9) (S 48,9,8) (S 102,8,13) (S 26,21,21) (S 76,21,22) (S 49,22,13) (S 31,22,28) (S 20,28,28) (S 113,28,36) (S 47,36,44) (S 71,44,43) (S 77,43,35) (S 96,36,35) (S 17,35,35) (S 68,36,28) (S 11,22,22) (S 16,13,13) (S 115,13,8) (D 0,1,1)
 0 1 5 46 80  12 (D 0,1,1) (S 74,1,15) (S 105,15,24) (S 65,24,29) (S 111,29,23) (S 46,9,14) (S 18,14,14) (S 82,14,23) (S 109,23,14) (S 60,14,22) (S 63,13,9) (D 0,1,1)
 0 1 6 64 112  16 (D 0,1,1) (S 88,1,5) (S 72,3,4) (S 99,4,3) (S 53,4,7) (S 55,11,12) (S 73,11,6) (S 54,6,5) (S 81,6,11) (S 89,11,10) (S 22,10,10) (S 35,10,5) (S 1,5,5) (S 59,2,5) (S 118,5,1) (D 0,1,1)
 0 1 7 122 178  18 (D 0,1,1) (S 52,1,10) (S 78,2,3) (S 85,3,6) (S 29,6,7) (S 108,7,12) (S 7,12,12) (S 83,11,18) (S 40,19,32) (S 119,32,31) (S 37,17,24) (S 61,24,23) (S 110,23,24) (S 2,15,15) (S 30,15,16) (S 21,16,16) (S 43,16,1) (D 0,1,1)
