237
8
0
0
0 1 1 21 36 6 (D 1,1,1) (S 10,1,11) (S 14,1,5) (S 4,5,5) (S 23,7,10) (D 1,1,1)
0 1 2 23 37 7 (D 1,1,1) (S 13,1,2) (S 16,2,4) (S 19,4,7) (S 6,7,7) (S 21,7,8) (D 1,1,1)
0 1 3 15 27 4 (D 1,1,1) (S 9,1,9) (S 24,9,10) (D 1,1,1)
0 1 4 22 26 3 (D 1,1,1) (S 2,3,3) (D 1,1,1)
0 1 5 21 39 9 (D 1,1,1) (S 15,1,8) (S 8,10,10) (S 7,8,8) (S 17,2,8) (S 12,7,11) (S 22,7,9) (S 20,6,11) (D 1,1,1)
0 1 6 22 34 5 (D 1,1,1) (S 18,2,9) (S 11,6,9) (S 5,6,6) (D 1,1,1)
0 1 7 15 17 3 (D 1,1,1) (S 1,2,2) (D 1,1,1)
0 1 8 15 21 3 (D 1,1,1) (S 3,4,4) (D 1,1,1)
