946
9
1748014342
 0 1 1 2 68  4 (D 0,1,1) (S 18,1,2) (S 26,6,12) (D 0,1,1)
 0 1 2 3 140  5 (D 0,1,1) (S 7,3,4) (S 20,4,11) (S 27,6,7) (D 0,1,1)
 0 1 3 5 108  7 (D 0,1,1) (S 23,1,4) (S 1,11,11) (S 19,11,3) (S 2,3,3) (S 3,6,6) (D 0,1,1)
 0 1 4 4 84  6 (D 0,1,1) (S 4,2,2) (S 9,2,3) (S 12,3,5) (S 21,5,6) (D 0,1,1)
 0 1 5 2 66  4 (D 0,1,1) (S 5,1,7) (S 14,12,1) (D 0,1,1)
 0 1 6 3 84  5 (D 0,1,1) (S 16,10,8) (S 8,8,7) (S 24,7,12) (D 0,1,1)
 0 1 7 3 153  5 (D 0,1,1) (S 17,2,4) (S 29,11,5) (S 28,12,11) (D 0,1,1)
 0 1 8 4 126  6 (D 0,1,1) (S 25,1,10) (S 13,10,9) (S 22,9,2) (S 11,5,12) (D 0,1,1)
 0 1 9 3 117  5 (D 0,1,1) (S 6,8,10) (S 10,9,10) (S 15,10,1) (D 0,1,1)
