232
7
0
0
0 1 1 23 37 8 (D 1,1,1) (S 16,1,8) (S 18,2,5) (S 4,5,5) (S 24,5,7) (S 25,6,7) (S 13,7,11) (D 1,1,1)
0 1 2 23 38 9 (D 1,1,1) (S 15,1,7) (S 6,7,7) (S 28,7,10) (S 23,4,7) (S 27,7,8) (S 7,8,8) (S 9,10,10) (D 1,1,1)
0 1 3 8 10 3 (D 1,1,1) (S 17,1,11) (D 1,1,1)
0 1 4 26 38 6 (D 1,1,1) (S 22,3,11) (S 5,6,6) (S 26,6,11) (S 14,1,3) (D 1,1,1)
0 1 5 27 37 5 (D 1,1,1) (S 10,1,2) (S 12,4,9) (S 8,9,9) (D 1,1,1)
0 1 6 25 41 5 (D 1,1,1) (S 3,4,4) (S 11,2,3) (S 20,3,5) (D 1,1,1)
0 1 7 22 31 6 (D 1,1,1) (S 1,2,2) (S 19,2,8) (S 2,3,3) (S 21,3,10) (D 1,1,1)
