282
9
1748014338
 0 1 1 25 34  6 (D 0,1,1) (S 33,1,4) (S 35,4,9) (S 8,9,10) (S 5,10,10) (D 0,1,1)
 0 1 2 23 33  5 (D 0,1,1) (S 28,6,9) (S 2,4,4) (S 20,4,11) (D 0,1,1)
 0 1 3 25 13  3 (D 0,1,1) (S 1,2,2) (D 0,1,1)
 0 1 4 15 13  3 (D 0,1,1) (S 19,9,11) (D 0,1,1)
 0 1 5 27 17  3 (D 0,1,1) (S 6,6,6) (D 0,1,1)
 0 1 6 18 6  2 (D 0,1,1)  (D 0,1,1)
 0 1 7 26 22  4 (D 0,1,1) (S 7,5,5) (S 4,3,3) (D 0,1,1)
 0 1 8 25 12  3 (D 0,1,1) (S 10,7,11) (D 0,1,1)
 0 1 9 21 17  4 (D 0,1,1) (S 31,1,9) (S 3,8,8) (D 0,1,1)
