235
9
3077230207
3030005218
0 1 1 21 25 4 (D 1,1,1) (S 1,2,2) (S 7,1,2) (D 1,1,1)
0 1 2 22 24 5 (D 1,1,1) (S 2,3,3) (S 9,2,3) (S 15,1,3) (D 1,1,1)
0 1 3 20 24 5 (D 1,1,1) (S 3,4,4) (S 8,1,4) (S 25,3,4) (D 1,1,1)
0 1 4 27 31 6 (D 1,1,1) (S 5,6,6) (S 28,4,6) (S 4,5,5) (S 16,1,5) (D 1,1,1)
0 1 5 21 23 7 (D 1,1,1) (S 6,7,7) (S 10,2,7) (S 12,5,7) (S 17,1,7) (S 29,4,7) (D 1,1,1)
0 1 6 21 23 7 (D 1,1,1) (S 11,4,8) (S 13,6,8) (S 18,1,8) (S 22,2,8) (S 32,5,8) (D 1,1,1)
0 1 7 25 29 6 (D 1,1,1) (S 14,9,10) (S 20,1,10) (S 26,3,10) (S 31,4,10) (D 1,1,1)
0 1 8 17 21 8 (D 1,1,1) (S 19,1,9) (S 23,2,9) (S 30,4,9) (S 34,6,9) (S 35,7,9) (S 37,8,9) (D 1,1,1)
0 1 9 31 35 8 (D 1,1,1) (S 24,2,11) (S 27,3,11) (S 33,5,11) (S 36,7,11) (S 38,9,11) (S 21,1,11) (D 1,1,1)
