376
11
0
0
0 1 1 24 26 3 (D 1,1,1) (S 1,2,2) (D 1,1,1)
0 1 2 27 41 7 (D 1,1,1) (S 2,3,3) (S 4,5,5) (S 25,3,6) (S 26,3,7) (S 27,3,8) (D 1,1,1)
0 1 3 25 27 3 (D 1,1,1) (S 3,4,4) (D 1,1,1)
0 1 4 27 37 5 (D 1,1,1) (S 5,6,6) (S 11,2,3) (S 23,1,10) (D 1,1,1)
0 1 5 22 33 6 (D 1,1,1) (S 6,7,7) (S 37,7,10) (S 38,7,11) (S 10,1,8) (D 1,1,1)
0 1 6 25 31 4 (D 1,1,1) (S 7,8,8) (S 16,8,10) (D 1,1,1)
0 1 7 27 33 4 (D 1,1,1) (S 8,9,9) (S 17,1,2) (D 1,1,1)
0 1 8 16 22 4 (D 1,1,1) (S 9,11,11) (S 14,4,10) (D 1,1,1)
0 1 9 27 46 8 (D 1,1,1) (S 12,2,5) (S 15,5,6) (S 34,6,7) (S 35,6,9) (S 36,6,11) (S 32,5,9) (D 1,1,1)
0 1 10 27 41 8 (D 1,1,1) (S 13,3,11) (S 18,1,3) (S 19,1,5) (S 20,1,6) (S 21,1,7) (S 22,1,9) (D 1,1,1)
0 1 11 19 39 9 (D 1,1,1) (S 24,3,4) (S 28,4,5) (S 29,4,6) (S 30,4,9) (S 33,5,10) (S 39,10,11) (S 31,5,8) (D 1,1,1)
