1033
9
1184306376
1184306376
0 1 1 25 37 6 (D 1,1,1) (S 1,2,2) (S 5,8,8) (S 4,7,7) (S 43,1,7) (D 1,1,1)
0 1 2 17 29 4 (D 1,1,1) (S 49,8,2) (S 2,3,3) (D 1,1,1)
0 1 3 49 69 8 (D 1,1,1) (S 6,10,10) (S 35,9,10) (S 46,4,10) (S 58,15,10) (S 10,15,15) (S 38,14,15) (D 1,1,1)
0 1 4 137 195 17 (D 1,1,1) (S 16,23,23) (S 21,29,29) (S 74,30,29) (S 77,34,29) (S 22,30,30) (S 40,24,30) (S 55,13,23) (S 72,29,23) (S 17,24,24) (S 36,9,14) (S 54,13,14) (S 67,24,14) (S 9,13,13) (S 56,14,13) (S 65,23,13) (D 1,1,1)
0 1 5 122 205 18 (D 1,1,1) (S 15,20,20) (S 13,18,18) (S 39,21,22) (S 20,28,28) (S 64,22,28) (S 12,17,17) (S 37,11,17) (S 3,4,4) (S 51,11,5) (S 33,4,5) (S 34,5,6) (S 8,12,12) (S 47,6,12) (S 52,11,12) (S 7,11,11) (S 53,12,11) (D 1,1,1)
0 1 6 73 156 15 (D 1,1,1) (S 45,3,2) (S 44,2,3) (S 32,3,9) (S 57,14,24) (S 66,23,24) (S 23,31,31) (S 41,25,31) (S 26,35,35) (S 78,34,35) (S 73,29,34) (S 29,38,38) (S 79,34,38) (S 84,39,35) (D 1,1,1)
0 1 7 8 8 3 (D 1,1,1) (S 48,7,1) (D 1,1,1)
0 1 8 100 150 15 (D 1,1,1) (S 61,19,16) (S 60,16,19) (S 70,27,20) (S 19,27,27) (S 71,28,27) (S 24,32,32) (S 69,26,32) (S 75,31,32) (S 80,36,32) (S 14,19,19) (S 11,16,16) (S 59,15,16) (S 50,10,15) (D 1,1,1)
0 1 9 96 184 19 (D 1,1,1) (S 62,19,20) (S 63,20,27) (S 27,36,36) (S 31,40,40) (S 42,36,40) (S 85,39,40) (S 87,41,40) (S 30,39,39) (S 83,38,39) (S 81,36,37) (S 28,37,37) (S 86,41,37) (S 25,33,33) (S 82,37,33) (S 18,26,26) (S 68,25,26) (S 76,32,26) (D 1,1,1)
