805
9
1748014342
 0 1 1 7 15  3 (D 0,1,1) (S 10,2,2) (D 0,1,1)
 0 1 2 38 99  6 (D 0,1,1) (S 3,17,17) (S 38,17,13) (S 4,16,16) (S 33,16,15) (D 0,1,1)
 0 1 3 36 122  8 (D 0,1,1) (S 9,15,15) (S 1,6,6) (S 37,7,8) (S 6,8,8) (S 11,18,18) (S 7,14,14) (D 0,1,1)
 0 1 4 38 106  6 (D 0,1,1) (S 18,11,15) (S 8,12,12) (S 25,12,11) (S 35,11,10) (D 0,1,1)
 0 1 5 36 82  5 (D 0,1,1) (S 17,19,22) (S 12,22,22) (S 2,19,19) (D 0,1,1)
 0 1 6 38 88  6 (D 0,1,1) (S 5,10,10) (S 15,20,20) (S 28,20,23) (S 36,23,20) (D 0,1,1)
 0 1 7 38 68  5 (D 0,1,1) (S 22,3,4) (S 23,4,5) (S 24,5,11) (D 0,1,1)
 0 1 8 39 105  7 (D 0,1,1) (S 27,1,3) (S 13,23,23) (S 26,23,24) (S 14,24,24) (S 31,21,15) (D 0,1,1)
 0 1 9 40 92  7 (D 0,1,1) (S 19,1,2) (S 16,3,3) (S 34,9,19) (S 20,10,9) (S 29,9,3) (D 0,1,1)
