776
9
0
0
0 1 1 40 74 9 (D 1,1,1) (S 1,2,2) (S 5,10,10) (S 15,3,9) (S 16,3,10) (S 13,2,5) (S 17,5,11) (S 26,4,5) (D 1,1,1)
0 1 2 40 69 5 (D 1,1,1) (S 2,5,5) (S 10,19,19) (S 14,3,4) (D 1,1,1)
0 1 3 42 77 6 (D 1,1,1) (S 3,6,6) (S 4,7,7) (S 19,7,13) (S 6,11,11) (D 1,1,1)
0 1 4 45 129 9 (D 1,1,1) (S 7,12,12) (S 9,17,17) (S 20,13,14) (S 37,16,15) (S 46,20,21) (S 33,12,11) (S 8,15,15) (D 1,1,1)
0 1 5 17 33 4 (D 1,1,1) (S 11,20,20) (S 45,20,15) (D 1,1,1)
0 1 6 45 78 7 (D 1,1,1) (S 12,21,21) (S 22,22,23) (S 23,23,24) (S 48,24,21) (S 47,21,15) (D 1,1,1)
0 1 7 40 72 5 (D 1,1,1) (S 18,6,11) (S 24,1,9) (S 25,1,19) (D 1,1,1)
0 1 8 45 176 14 (D 1,1,1) (S 21,14,18) (S 35,14,8) (S 40,17,13) (S 42,18,17) (S 30,8,14) (S 36,15,21) (S 38,16,17) (S 41,17,16) (S 34,13,17) (S 39,17,12) (S 29,6,7) (S 27,5,4) (D 1,1,1)
0 1 9 44 68 7 (D 1,1,1) (S 28,6,5) (S 43,19,9) (S 31,9,19) (S 44,19,20) (S 32,11,1) (D 1,1,1)
