585
11
0
0
0 1 1 24 76 7 (D 1,1,1) (S 24,3,6) (S 29,6,8) (S 31,8,9) (S 17,7,11) (S 32,10,11) (D 1,1,1)
0 1 2 25 67 6 (D 1,1,1) (S 6,14,14) (S 18,14,16) (S 8,16,16) (S 4,12,12) (D 1,1,1)
0 1 3 21 41 5 (D 1,1,1) (S 21,1,17) (S 7,15,15) (S 5,13,13) (D 1,1,1)
0 1 4 21 49 5 (D 1,1,1) (S 20,1,3) (S 23,3,4) (S 26,4,6) (D 1,1,1)
0 1 5 25 60 7 (D 1,1,1) (S 16,6,10) (S 2,4,4) (S 25,4,5) (S 28,5,9) (S 3,6,6) (D 1,1,1)
0 1 6 25 59 6 (D 1,1,1) (S 37,22,23) (S 39,23,24) (S 11,23,23) (S 40,26,27) (D 1,1,1)
0 1 7 27 62 7 (D 1,1,1) (S 22,1,27) (S 38,22,25) (S 13,25,25) (S 9,18,18) (S 35,21,22) (D 1,1,1)
0 1 8 27 62 7 (D 1,1,1) (S 33,13,15) (S 34,15,20) (S 19,20,21) (S 10,21,21) (S 36,21,23) (D 1,1,1)
0 1 9 17 31 4 (D 1,1,1) (S 12,24,24) (S 14,1,19) (D 1,1,1)
0 1 10 11 17 3 (D 1,1,1) (S 1,2,2) (D 1,1,1)
0 1 11 26 61 5 (D 1,1,1) (S 15,3,8) (S 30,6,9) (S 27,5,6) (D 1,1,1)
