295
9
0
0
0 1 1 27 35 5 (D 1,1,1) (S 1,2,2) (S 32,8,9) (S 10,1,7) (D 1,1,1)
0 1 2 25 36 7 (D 1,1,1) (S 2,3,3) (S 9,10,10) (S 11,1,11) (S 12,3,5) (S 13,3,7) (D 1,1,1)
0 1 3 25 29 3 (D 1,1,1) (S 3,4,4) (D 1,1,1)
0 1 4 24 33 6 (D 1,1,1) (S 4,5,5) (S 16,1,4) (S 24,5,7) (S 7,8,8) (D 1,1,1)
0 1 5 17 29 6 (D 1,1,1) (S 5,6,6) (S 15,6,10) (S 29,6,9) (S 28,6,8) (D 1,1,1)
0 1 6 12 22 6 (D 1,1,1) (S 6,7,7) (S 18,2,7) (S 30,7,9) (S 31,7,10) (D 1,1,1)
0 1 7 24 35 5 (D 1,1,1) (S 8,9,9) (S 33,9,10) (S 14,4,11) (D 1,1,1)
0 1 8 27 41 7 (D 1,1,1) (S 17,2,3) (S 19,3,4) (S 20,3,9) (S 21,3,10) (S 22,3,11) (D 1,1,1)
0 1 9 24 35 6 (D 1,1,1) (S 23,4,5) (S 26,5,10) (S 27,5,11) (S 25,5,8) (D 1,1,1)
