319
8
0
0
0 1 1 19 54 8 (D 1,1,1) (S 1,2,2) (S 5,7,7) (S 20,8,14) (S 27,8,7) (S 26,6,12) (S 16,1,2) (D 1,1,1)
0 1 2 7 13 4 (D 1,1,1) (S 2,3,3) (S 17,3,4) (D 1,1,1)
0 1 3 19 30 5 (D 1,1,1) (S 3,4,4) (S 4,5,5) (S 18,5,10) (D 1,1,1)
0 1 4 20 39 7 (D 1,1,1) (S 6,9,9) (S 15,23,23) (S 24,22,23) (S 35,20,23) (S 22,10,20) (D 1,1,1)
0 1 5 19 42 7 (D 1,1,1) (S 7,10,10) (S 8,11,11) (S 28,11,12) (S 14,21,21) (S 30,12,11) (D 1,1,1)
0 1 6 20 50 8 (D 1,1,1) (S 9,12,12) (S 10,13,13) (S 31,13,14) (S 13,17,17) (S 33,18,17) (S 23,14,18) (D 1,1,1)
0 1 7 19 47 7 (D 1,1,1) (S 11,15,15) (S 12,16,16) (S 19,6,7) (S 29,12,6) (S 32,16,12) (D 1,1,1)
0 1 8 14 44 6 (D 1,1,1) (S 21,9,19) (S 34,19,20) (S 25,4,2) (S 36,22,19) (D 1,1,1)
