45570
20
107765312044
59107876290
0 1 1 1857 2764 8 (D 86,1,1) (S 1,2,2) (S 11,22,22) (S 80,3,4) (S 2,3,3) (S 7,13,13) (S 3,5,5) (D 86,1,1)
0 1 2 954 1298 8 (D 86,1,1) (S 33,64,64) (S 34,65,65) (S 98,64,77) (S 105,77,76) (S 40,76,76) (S 51,99,99) (D 86,1,1)
0 1 3 2804 3831 12 (D 86,1,1) (S 12,27,27) (S 8,14,14) (S 84,15,14) (S 18,39,39) (S 10,20,20) (S 5,10,10) (S 86,19,18) (S 87,20,11) (S 6,12,12) (S 83,12,21) (D 86,1,1)
0 1 4 1648 2087 8 (D 86,1,1) (S 19,41,41) (S 91,42,41) (S 29,53,53) (S 110,90,78) (S 100,65,78) (S 39,75,75) (D 86,1,1)
0 1 5 214 310 3 (D 86,1,1) (S 109,84,96) (D 86,1,1)
0 1 6 341 602 4 (D 86,1,1) (S 103,73,60) (S 81,59,72) (D 86,1,1)
0 1 7 2325 2658 9 (D 86,1,1) (S 25,47,47) (S 24,46,46) (S 23,45,45) (S 22,44,44) (S 31,58,58) (S 37,71,71) (S 108,84,70) (D 86,1,1)
0 1 8 2331 2902 10 (D 86,1,1) (S 15,30,30) (S 16,32,32) (S 17,33,33) (S 21,43,43) (S 20,42,42) (S 30,54,54) (S 92,50,51) (S 93,52,51) (D 86,1,1)
0 1 9 2299 3027 12 (D 86,1,1) (S 101,69,56) (S 107,82,69) (S 42,80,80) (S 106,81,80) (S 111,91,79) (S 41,79,79) (S 96,61,62) (S 32,62,62) (S 27,50,50) (S 97,63,50) (D 86,1,1)
0 1 10 498 570 3 (D 86,1,1) (S 45,85,85) (D 86,1,1)
0 1 11 2089 2542 11 (D 86,1,1) (S 38,74,74) (S 104,75,74) (S 95,60,61) (S 26,48,48) (S 90,38,37) (S 89,37,38) (S 94,53,52) (S 99,65,52) (S 28,51,51) (D 86,1,1)
0 1 12 1879 2376 8 (D 86,1,1) (S 53,101,101) (S 117,100,101) (S 47,91,91) (S 112,93,82) (S 36,68,68) (S 35,67,67) (D 86,1,1)
0 1 13 588 738 5 (D 86,1,1) (S 119,108,95) (S 114,95,84) (S 44,84,84) (D 86,1,1)
0 1 14 2542 3492 13 (D 86,1,1) (S 78,148,148) (S 67,127,127) (S 128,127,128) (S 133,138,128) (S 129,129,128) (S 59,116,116) (S 60,117,117) (S 68,130,130) (S 73,139,139) (S 79,150,150) (S 123,116,129) (D 86,1,1)
0 1 15 283 327 3 (D 86,1,1) (S 46,87,87) (D 86,1,1)
0 1 16 1649 2031 9 (D 86,1,1) (S 136,141,131) (S 69,132,132) (S 130,131,132) (S 137,142,132) (S 49,94,94) (S 43,83,83) (S 102,70,83) (D 86,1,1)
0 1 17 2888 3567 13 (D 86,1,1) (S 71,135,135) (S 72,137,137) (S 132,136,137) (S 127,126,137) (S 141,147,146) (S 76,143,143) (S 70,133,133) (S 55,108,108) (S 56,109,109) (S 120,108,109) (S 61,120,120) (D 86,1,1)
0 1 18 3045 3795 16 (D 86,1,1) (S 77,144,144) (S 140,145,144) (S 131,133,143) (S 75,142,142) (S 135,140,141) (S 138,142,141) (S 139,144,134) (S 121,110,111) (S 125,123,111) (S 66,125,125) (S 65,124,124) (S 64,123,123) (S 115,99,98) (S 50,98,98) (D 86,1,1)
0 1 19 1674 2344 9 (D 86,1,1) (S 82,4,5) (S 4,6,6) (S 9,16,16) (S 13,28,28) (S 88,27,28) (S 14,29,29) (S 85,17,8) (D 86,1,1)
0 1 20 3388 4309 17 (D 86,1,1) (S 116,100,89) (S 52,100,100) (S 48,92,92) (S 118,104,115) (S 113,93,106) (S 124,117,106) (S 54,103,103) (S 58,114,114) (S 122,114,113) (S 57,113,113) (S 126,125,124) (S 63,122,122) (S 62,121,121) (S 134,140,118) (S 74,140,140) (D 86,1,1)
