80262
38
1748014347
 0 1 1 1481 2061  6 (D 0,1,1) (S 145,20,25) (S 61,25,31) (S 51,31,31) (S 159,31,22) (D 0,1,1)
 0 1 2 1610 2383  8 (D 0,1,1) (S 147,43,46) (S 120,46,47) (S 66,47,48) (S 171,48,39) (S 50,29,29) (S 126,29,19) (D 0,1,1)
 0 1 3 1483 2187  9 (D 0,1,1) (S 14,43,43) (S 4,53,53) (S 77,53,55) (S 48,55,55) (S 139,55,56) (S 16,56,56) (S 47,57,57) (D 0,1,1)
 0 1 4 1517 2129  6 (D 0,1,1) (S 54,21,21) (S 68,21,22) (S 99,22,23) (S 178,23,15) (D 0,1,1)
 0 1 5 1498 2139  6 (D 0,1,1) (S 73,5,6) (S 64,6,15) (S 31,15,15) (S 105,15,16) (D 0,1,1)
 0 1 6 1520 2238  6 (D 0,1,1) (S 92,14,15) (S 19,6,6) (S 96,6,7) (S 131,7,16) (D 0,1,1)
 0 1 7 1571 2228  7 (D 0,1,1) (S 88,27,28) (S 24,28,28) (S 97,28,38) (S 151,38,37) (S 111,37,28) (D 0,1,1)
 0 1 8 1551 1991  5 (D 0,1,1) (S 115,26,34) (S 2,36,36) (S 117,36,37) (D 0,1,1)
 0 1 9 1561 1884  7 (D 0,1,1) (S 32,34,34) (S 173,34,36) (S 89,36,45) (S 62,45,46) (S 169,46,43) (D 0,1,1)
 0 1 10 1528 2382  8 (D 0,1,1) (S 156,38,39) (S 128,39,48) (S 57,48,57) (S 70,57,56) (S 29,27,27) (S 140,27,18) (D 0,1,1)
 0 1 11 1600 2281  6 (D 0,1,1) (S 81,13,19) (S 67,28,29) (S 157,29,30) (S 137,25,21) (D 0,1,1)
 0 1 12 1561 1703  7 (D 0,1,1) (S 150,12,19) (S 23,40,40) (S 56,40,41) (S 163,41,50) (S 53,50,50) (D 0,1,1)
 0 1 13 1519 2000  6 (D 0,1,1) (S 5,13,13) (S 102,13,20) (S 46,20,20) (S 123,20,21) (D 0,1,1)
 0 1 14 1508 2000  6 (D 0,1,1) (S 79,4,13) (S 71,13,14) (S 52,14,14) (S 174,14,5) (D 0,1,1)
 0 1 15 1590 2129  6 (D 0,1,1) (S 60,18,26) (S 84,35,37) (S 6,37,37) (S 69,37,43) (D 0,1,1)
 0 1 16 1450 1903  5 (D 0,1,1) (S 112,12,13) (S 104,20,19) (S 55,19,19) (D 0,1,1)
 0 1 17 1548 2034  7 (D 0,1,1) (S 100,3,4) (S 28,4,4) (S 101,4,5) (S 30,5,5) (S 164,5,14) (D 0,1,1)
 0 1 18 1573 2205  7 (D 0,1,1) (S 98,11,18) (S 168,18,19) (S 78,19,28) (S 22,38,38) (S 114,38,44) (D 0,1,1)
 0 1 19 1563 1873  7 (D 0,1,1) (S 74,14,22) (S 41,22,22) (S 161,22,31) (S 127,25,20) (S 20,18,18) (D 0,1,1)
 0 1 20 1565 2023  7 (D 0,1,1) (S 176,3,12) (S 82,20,29) (S 165,29,39) (S 7,39,39) (S 146,39,29) (D 0,1,1)
 0 1 21 1571 2067  6 (D 0,1,1) (S 167,10,17) (S 80,17,26) (S 133,26,27) (S 172,27,26) (D 0,1,1)
 0 1 22 1585 2385  6 (D 0,1,1) (S 91,9,11) (S 87,31,40) (S 10,41,41) (S 86,41,42) (D 0,1,1)
 0 1 23 555 618  3 (D 0,1,1) (S 63,1,8) (D 0,1,1)
 0 1 24 1510 1918  7 (D 0,1,1) (S 13,26,26) (S 75,34,35) (S 33,35,35) (S 144,35,27) (S 49,9,9) (D 0,1,1)
 0 1 25 1574 1747  5 (D 0,1,1) (S 121,8,9) (S 72,9,2) (S 40,2,2) (D 0,1,1)
 0 1 26 1225 1499  6 (D 0,1,1) (S 108,1,2) (S 130,2,3) (S 27,3,3) (S 177,3,2) (D 0,1,1)
 0 1 27 1415 1718  7 (D 0,1,1) (S 43,10,10) (S 95,10,11) (S 45,11,11) (S 12,12,12) (S 155,12,3) (D 0,1,1)
 0 1 28 1064 1339  6 (D 0,1,1) (S 38,8,8) (S 135,8,10) (S 15,17,17) (S 148,17,11) (D 0,1,1)
 0 1 29 1582 2517  6 (D 0,1,1) (S 118,40,49) (S 58,49,50) (S 76,50,59) (S 179,59,58) (D 0,1,1)
 0 1 30 1560 2481  9 (D 0,1,1) (S 180,42,51) (S 3,51,51) (S 138,51,42) (S 21,42,42) (S 83,42,33) (S 9,33,33) (S 160,33,32) (D 0,1,1)
 0 1 31 1578 2653  10 (D 0,1,1) (S 122,39,40) (S 125,49,58) (S 136,58,59) (S 37,59,59) (S 103,59,60) (S 17,60,60) (S 36,58,58) (S 110,58,57) (D 0,1,1)
 0 1 32 1539 1913  5 (D 0,1,1) (S 18,24,24) (S 132,24,16) (S 26,16,16) (D 0,1,1)
 0 1 33 1494 2196  6 (D 0,1,1) (S 109,44,47) (S 42,48,48) (S 85,48,49) (S 11,49,49) (D 0,1,1)
 0 1 34 1538 1004  3 (D 0,1,1) (S 175,32,31) (D 0,1,1)
 0 1 35 1522 2088  6 (D 0,1,1) (S 158,15,23) (S 141,23,24) (S 8,32,32) (S 59,32,41) (D 0,1,1)
 0 1 36 1522 2226  7 (D 0,1,1) (S 65,43,44) (S 1,44,44) (S 34,47,47) (S 90,47,56) (S 153,56,55) (D 0,1,1)
 0 1 37 1515 2073  6 (D 0,1,1) (S 35,52,52) (S 107,52,53) (S 119,53,46) (S 25,46,46) (D 0,1,1)
 0 1 38 1539 2165  7 (D 0,1,1) (S 39,45,45) (S 116,45,52) (S 94,52,54) (S 44,54,54) (S 113,54,55) (D 0,1,1)
