604
11
0
0
0 1 1 22 52 6 (D 1,1,1) (S 1,3,3) (S 26,3,4) (S 27,3,6) (S 11,19,19) (D 1,1,1)
0 1 2 26 65 7 (D 1,1,1) (S 2,4,4) (S 29,4,10) (S 6,10,10) (S 3,5,5) (S 5,8,8) (D 1,1,1)
0 1 3 21 43 3 (D 1,1,1) (S 4,6,6) (D 1,1,1)
0 1 4 26 64 8 (D 1,1,1) (S 7,14,14) (S 34,14,20) (S 19,14,18) (S 18,13,14) (S 17,12,13) (S 35,16,17) (D 1,1,1)
0 1 5 22 54 5 (D 1,1,1) (S 8,15,15) (S 20,15,20) (S 9,17,17) (D 1,1,1)
0 1 6 24 74 6 (D 1,1,1) (S 10,18,18) (S 36,18,21) (S 41,25,26) (S 33,13,15) (D 1,1,1)
0 1 7 20 56 6 (D 1,1,1) (S 12,21,21) (S 37,20,21) (S 38,21,22) (S 21,21,23) (D 1,1,1)
0 1 8 25 55 7 (D 1,1,1) (S 13,22,22) (S 39,22,23) (S 14,23,23) (S 40,23,24) (S 16,27,27) (D 1,1,1)
0 1 9 26 58 5 (D 1,1,1) (S 15,24,24) (S 22,26,27) (S 23,1,3) (D 1,1,1)
0 1 10 11 19 4 (D 1,1,1) (S 24,2,1) (S 25,2,12) (D 1,1,1)
0 1 11 26 64 6 (D 1,1,1) (S 28,4,6) (S 32,7,11) (S 31,6,7) (S 30,5,6) (D 1,1,1)
