47497
27
4989033531
2112757222
0 1 1 1325 1787 5 (D 22,1,1) (S 1,1,2) (S 4,2,9) (S 14,8,9) (D 22,1,1)
0 1 2 1545 2060 6 (D 22,1,1) (S 2,1,8) (S 15,8,18) (S 17,9,19) (S 33,18,19) (D 22,1,1)
0 1 3 1542 2071 7 (D 22,1,1) (S 3,2,3) (S 5,3,4) (S 6,3,10) (S 16,9,10) (S 19,10,15) (D 22,1,1)
0 1 4 1827 2198 6 (D 22,1,1) (S 7,4,5) (S 9,5,6) (S 12,6,13) (S 23,12,13) (D 22,1,1)
0 1 5 2130 2473 8 (D 22,1,1) (S 8,4,11) (S 18,10,11) (S 22,11,17) (S 30,16,17) (S 20,10,16) (S 28,15,16) (D 22,1,1)
0 1 6 2045 2541 7 (D 22,1,1) (S 11,6,7) (S 13,7,14) (S 25,13,14) (S 27,14,24) (S 44,23,24) (D 22,1,1)
0 1 7 455 498 3 (D 22,1,1) (S 24,12,22) (D 22,1,1)
0 1 8 784 944 4 (D 22,1,1) (S 10,5,12) (S 21,11,12) (D 22,1,1)
0 1 9 1308 1456 4 (D 22,1,1) (S 26,13,23) (S 42,22,23) (D 22,1,1)
0 1 10 407 512 3 (D 22,1,1) (S 43,22,30) (D 22,1,1)
0 1 11 1051 1269 4 (D 22,1,1) (S 29,15,20) (S 35,19,20) (D 22,1,1)
0 1 12 1282 1448 5 (D 22,1,1) (S 31,16,21) (S 32,17,21) (S 37,20,21) (D 22,1,1)
0 1 13 697 939 4 (D 22,1,1) (S 39,20,29) (S 41,21,29) (D 22,1,1)
0 1 14 1561 1991 6 (D 22,1,1) (S 38,20,28) (S 51,27,28) (S 36,19,26) (S 47,25,26) (D 22,1,1)
0 1 15 565 605 3 (D 22,1,1) (S 40,21,22) (D 22,1,1)
0 1 16 1590 2052 6 (D 22,1,1) (S 74,38,49) (S 88,48,49) (S 76,39,50) (S 89,49,50) (D 22,1,1)
0 1 17 2500 3132 7 (D 22,1,1) (S 48,25,33) (S 65,33,42) (S 81,42,45) (S 34,18,25) (S 49,26,27) (D 22,1,1)
0 1 18 2738 3287 7 (D 22,1,1) (S 53,28,29) (S 50,26,35) (S 64,33,34) (S 52,27,36) (S 54,28,37) (D 22,1,1)
0 1 19 323 434 3 (D 22,1,1) (S 55,29,30) (D 22,1,1)
0 1 20 1423 1902 6 (D 22,1,1) (S 56,29,37) (S 70,36,37) (S 72,37,48) (S 87,47,48) (D 22,1,1)
0 1 21 828 1150 5 (D 22,1,1) (S 58,30,31) (S 46,24,32) (S 60,31,32) (D 22,1,1)
0 1 22 1276 1497 4 (D 22,1,1) (S 59,30,39) (S 73,38,39) (D 22,1,1)
0 1 23 1945 2336 6 (D 22,1,1) (S 61,31,40) (S 62,32,40) (S 75,39,40) (S 45,23,31) (D 22,1,1)
0 1 24 2349 2944 8 (D 22,1,1) (S 63,32,41) (S 77,40,41) (S 79,41,52) (S 91,51,52) (S 78,40,51) (S 90,50,51) (D 22,1,1)
0 1 25 2684 3237 8 (D 22,1,1) (S 66,34,35) (S 82,43,44) (S 84,44,47) (S 86,46,47) (S 69,35,44) (S 67,34,43) (D 22,1,1)
0 1 26 355 651 4 (D 22,1,1) (S 57,29,38) (S 71,37,38) (D 22,1,1)
0 1 27 1553 2083 6 (D 22,1,1) (S 68,35,36) (S 80,42,43) (S 83,43,46) (S 85,45,46) (D 22,1,1)
