36766
46
0
0
0 1 1 116 1224 6 (D 1,1,1) (S 1,5,5) (S 55,5,6) (S 56,6,7) (S 58,8,9) (D 1,1,1)
0 1 2 114 1083 8 (D 1,1,1) (S 2,6,6) (S 57,6,8) (S 63,11,12) (S 4,11,11) (S 65,11,33) (S 17,45,45) (D 1,1,1)
0 1 3 119 1201 9 (D 1,1,1) (S 3,9,9) (S 60,9,10) (S 62,10,19) (S 61,10,15) (S 71,15,16) (S 68,13,14) (S 70,13,17) (D 1,1,1)
0 1 4 113 1144 6 (D 1,1,1) (S 5,12,12) (S 67,12,20) (S 77,20,24) (S 66,12,13) (D 1,1,1)
0 1 5 120 1097 10 (D 1,1,1) (S 6,13,13) (S 69,13,16) (S 7,14,14) (S 72,15,17) (S 73,17,18) (S 74,18,19) (S 49,139,139) (S 29,76,76) (D 1,1,1)
0 1 6 119 1205 6 (D 1,1,1) (S 8,22,22) (S 75,20,21) (S 76,20,22) (S 16,44,44) (D 1,1,1)
0 1 7 112 1090 6 (D 1,1,1) (S 9,26,26) (S 11,31,31) (S 10,30,30) (S 88,29,33) (D 1,1,1)
0 1 8 118 814 7 (D 1,1,1) (S 12,35,35) (S 97,36,37) (S 108,43,44) (S 99,37,42) (S 100,37,43) (D 1,1,1)
0 1 9 118 839 10 (D 1,1,1) (S 13,38,38) (S 102,38,41) (S 101,38,39) (S 14,39,39) (S 103,39,40) (S 15,41,41) (S 104,40,41) (S 168,82,84) (D 1,1,1)
0 1 10 116 1034 7 (D 1,1,1) (S 18,50,50) (S 120,50,51) (S 117,48,139) (S 115,48,49) (S 118,49,61) (D 1,1,1)
0 1 11 118 846 8 (D 1,1,1) (S 19,51,51) (S 121,51,52) (S 122,52,53) (S 20,53,53) (S 123,53,140) (S 50,140,140) (D 1,1,1)
0 1 12 119 817 9 (D 1,1,1) (S 21,54,54) (S 119,49,140) (S 127,55,140) (S 125,54,140) (S 124,54,55) (S 126,55,56) (S 129,56,65) (D 1,1,1)
0 1 13 120 833 9 (D 1,1,1) (S 22,59,59) (S 135,59,61) (S 134,59,60) (S 133,58,70) (S 151,70,71) (S 149,69,70) (S 27,69,69) (D 1,1,1)
0 1 14 112 976 7 (D 1,1,1) (S 23,60,60) (S 136,60,61) (S 93,34,45) (S 94,34,139) (S 146,67,68) (D 1,1,1)
0 1 15 111 720 8 (D 1,1,1) (S 24,63,63) (S 131,57,62) (S 139,63,64) (S 141,64,65) (S 140,63,93) (S 25,66,66) (D 1,1,1)
0 1 16 115 717 7 (D 1,1,1) (S 26,67,67) (S 28,72,72) (S 157,74,76) (S 35,94,94) (S 36,101,101) (D 1,1,1)
0 1 17 119 606 8 (D 1,1,1) (S 30,79,79) (S 31,81,81) (S 166,81,83) (S 165,80,82) (S 169,82,92) (S 33,84,84) (D 1,1,1)
0 1 18 110 612 7 (D 1,1,1) (S 32,83,83) (S 170,83,84) (S 172,84,92) (S 171,84,85) (S 34,90,90) (D 1,1,1)
0 1 19 118 639 6 (D 1,1,1) (S 37,106,106) (S 200,106,108) (S 39,109,109) (S 40,115,115) (D 1,1,1)
0 1 20 118 663 4 (D 1,1,1) (S 38,108,108) (S 204,108,109) (D 1,1,1)
0 1 21 115 531 6 (D 1,1,1) (S 41,118,118) (S 43,123,123) (S 223,123,125) (S 222,123,124) (D 1,1,1)
0 1 22 119 605 11 (D 1,1,1) (S 42,119,119) (S 46,131,131) (S 232,131,132) (S 47,135,135) (S 237,134,135) (S 236,133,135) (S 235,133,134) (S 234,132,133) (S 51,1,116) (D 1,1,1)
0 1 23 117 552 7 (D 1,1,1) (S 44,124,124) (S 45,126,126) (S 228,126,131) (S 48,136,136) (S 225,125,138) (D 1,1,1)
0 1 24 69 260 6 (D 1,1,1) (S 52,2,117) (S 215,117,119) (S 213,116,117) (S 211,115,116) (D 1,1,1)
0 1 25 116 665 8 (D 1,1,1) (S 53,3,128) (S 231,128,129) (S 229,127,128) (S 230,127,129) (S 224,124,126) (S 220,121,122) (D 1,1,1)
0 1 26 117 628 5 (D 1,1,1) (S 54,4,124) (S 227,126,130) (S 226,126,127) (D 1,1,1)
0 1 27 119 1122 6 (D 1,1,1) (S 59,8,11) (S 64,11,27) (S 91,33,139) (S 116,48,50) (D 1,1,1)
0 1 28 117 1200 7 (D 1,1,1) (S 78,21,23) (S 80,23,26) (S 84,26,31) (S 110,44,45) (S 114,46,77) (D 1,1,1)
0 1 29 120 1216 6 (D 1,1,1) (S 79,23,24) (S 82,25,26) (S 81,24,25) (S 85,27,28) (D 1,1,1)
0 1 30 119 1233 9 (D 1,1,1) (S 83,25,27) (S 89,30,31) (S 90,30,32) (S 87,28,30) (S 86,28,29) (S 112,45,60) (S 150,69,71) (D 1,1,1)
0 1 31 115 830 7 (D 1,1,1) (S 92,34,35) (S 98,36,38) (S 95,35,36) (S 96,35,37) (S 167,82,83) (D 1,1,1)
0 1 32 120 736 7 (D 1,1,1) (S 105,41,47) (S 107,42,47) (S 106,42,43) (S 113,46,47) (S 109,43,46) (D 1,1,1)
0 1 33 119 850 8 (D 1,1,1) (S 111,44,73) (S 156,73,74) (S 153,71,75) (S 154,72,73) (S 155,72,74) (S 152,71,72) (D 1,1,1)
0 1 34 120 890 7 (D 1,1,1) (S 128,56,57) (S 132,58,59) (S 130,57,58) (S 137,62,63) (S 147,67,69) (D 1,1,1)
0 1 35 115 694 6 (D 1,1,1) (S 138,62,66) (S 143,66,67) (S 145,66,101) (S 193,101,102) (D 1,1,1)
0 1 36 115 764 7 (D 1,1,1) (S 142,64,93) (S 184,94,95) (S 183,93,94) (S 185,94,100) (S 186,94,101) (D 1,1,1)
0 1 37 113 544 5 (D 1,1,1) (S 144,66,91) (S 181,91,103) (S 216,118,121) (D 1,1,1)
0 1 38 114 605 8 (D 1,1,1) (S 148,68,90) (S 177,88,89) (S 179,89,92) (S 180,90,91) (S 178,88,90) (S 174,86,87) (D 1,1,1)
0 1 39 115 705 9 (D 1,1,1) (S 158,75,76) (S 159,76,77) (S 160,77,78) (S 161,78,79) (S 163,79,81) (S 162,79,80) (S 164,80,81) (D 1,1,1)
0 1 40 115 555 7 (D 1,1,1) (S 173,85,86) (S 175,86,88) (S 176,87,122) (S 221,122,123) (S 219,120,123) (D 1,1,1)
0 1 41 114 456 6 (D 1,1,1) (S 182,91,118) (S 218,120,121) (S 214,117,118) (S 217,119,120) (D 1,1,1)
0 1 42 108 741 8 (D 1,1,1) (S 187,95,96) (S 188,96,97) (S 190,97,98) (S 189,96,99) (S 191,97,99) (S 192,99,100) (D 1,1,1)
0 1 43 120 567 7 (D 1,1,1) (S 194,102,103) (S 195,102,104) (S 197,104,105) (S 198,105,106) (S 209,114,115) (D 1,1,1)
0 1 44 120 532 6 (D 1,1,1) (S 196,103,113) (S 210,114,118) (S 207,112,113) (S 208,113,114) (D 1,1,1)
0 1 45 114 515 9 (D 1,1,1) (S 199,106,107) (S 201,107,108) (S 202,107,110) (S 205,110,111) (S 203,107,112) (S 206,110,112) (S 212,115,117) (D 1,1,1)
0 1 46 112 610 6 (D 1,1,1) (S 233,131,138) (S 238,134,136) (S 239,136,137) (S 240,136,138) (D 1,1,1)
