16573
7
0
0
0 1 1 1744 2366 9 (D 1,1,1) (S 6,11,11) (S 20,6,2) (S 13,2,6) (S 28,11,12) (S 21,7,2) (S 1,2,2) (S 12,2,1) (D 1,1,1)
0 1 2 1771 2269 8 (D 1,1,1) (S 29,12,7) (S 22,7,12) (S 33,13,16) (S 7,15,15) (S 36,15,12) (S 30,12,11) (D 1,1,1)
0 1 3 1574 2073 8 (D 1,1,1) (S 43,18,19) (S 44,19,15) (S 38,15,19) (S 10,19,19) (S 45,19,18) (S 42,18,11) (D 1,1,1)
0 1 4 1743 2312 10 (D 1,1,1) (S 15,3,8) (S 4,8,8) (S 23,8,7) (S 2,4,4) (S 17,4,5) (S 18,5,4) (S 16,4,3) (S 14,3,4) (D 1,1,1)
0 1 5 1789 2675 10 (D 1,1,1) (S 48,21,20) (S 47,20,19) (S 46,19,20) (S 37,15,16) (S 8,16,16) (S 39,16,15) (S 40,16,17) (S 31,13,12) (D 1,1,1)
0 1 6 1770 2446 9 (D 1,1,1) (S 5,10,10) (S 3,5,5) (S 19,5,10) (S 26,10,5) (S 24,8,13) (S 27,10,9) (S 25,9,8) (D 1,1,1)
0 1 7 1765 2432 8 (D 1,1,1) (S 9,17,17) (S 11,21,21) (S 41,17,14) (S 35,14,13) (S 32,13,14) (S 34,14,10) (D 1,1,1)
