549
8
2125107
2125107
0 1 1 23 33 3 (D 1,1,1) (S 1,2,2) (D 1,1,1)
0 1 2 30 50 3 (D 1,1,1) (S 2,4,4) (D 1,1,1)
0 1 3 31 105 5 (D 1,1,1) (S 3,5,5) (S 16,4,11) (S 17,10,11) (D 1,1,1)
0 1 4 18 44 3 (D 1,1,1) (S 4,6,6) (D 1,1,1)
0 1 5 33 122 7 (D 1,1,1) (S 5,8,8) (S 6,9,9) (S 8,7,9) (S 18,11,13) (S 19,12,13) (D 1,1,1)
0 1 6 19 63 4 (D 1,1,1) (S 7,5,10) (S 15,4,10) (D 1,1,1)
0 1 7 33 93 6 (D 1,1,1) (S 10,1,2) (S 9,11,12) (S 13,2,6) (S 14,3,6) (D 1,1,1)
0 1 8 25 39 4 (D 1,1,1) (S 11,1,3) (S 12,2,3) (D 1,1,1)
