820
9
1748014338
 0 1 1 39 126  9 (D 0,1,1) (S 21,16,17) (S 7,18,18) (S 14,14,8) (S 29,8,7) (S 1,6,6) (S 12,7,7) (S 41,14,13) (D 0,1,1)
 0 1 2 37 105  8 (D 0,1,1) (S 38,10,11) (S 15,11,15) (S 3,15,15) (S 45,15,16) (S 11,12,12) (S 24,12,11) (D 0,1,1)
 0 1 3 39 89  6 (D 0,1,1) (S 44,5,11) (S 4,17,17) (S 36,17,13) (S 19,13,12) (D 0,1,1)
 0 1 4 37 73  5 (D 0,1,1) (S 30,9,19) (S 2,19,19) (S 40,19,9) (D 0,1,1)
 0 1 5 40 118  7 (D 0,1,1) (S 17,9,10) (S 13,20,21) (S 27,21,24) (S 32,23,22) (S 8,22,22) (D 0,1,1)
 0 1 6 32 79  6 (D 0,1,1) (S 20,2,4) (S 18,5,10) (S 9,20,20) (S 31,20,10) (D 0,1,1)
 0 1 7 39 105  8 (D 0,1,1) (S 46,1,3) (S 35,10,20) (S 25,23,24) (S 10,24,24) (S 48,24,21) (S 47,21,15) (D 0,1,1)
 0 1 8 21 39  6 (D 0,1,1) (S 26,3,9) (S 33,9,3) (S 5,3,3) (S 23,3,1) (D 0,1,1)
 0 1 9 26 64  6 (D 0,1,1) (S 16,1,2) (S 22,4,5) (S 6,11,11) (S 34,11,5) (D 0,1,1)
