868
8
1748014341
 0 1 1 118 189  20 (D 0,1,1) (S 51,37,31) (S 5,31,31) (S 31,31,30) (S 43,30,37) (S 32,37,38) (S 37,4,5) (S 22,5,5) (S 63,39,32) (S 4,32,32) (S 66,32,39) (S 13,39,39) (S 71,39,38) (S 44,37,30) (S 49,30,29) (S 77,29,36) (S 18,36,36) (S 56,36,37) (S 69,37,36) (D 0,1,1)
 0 1 2 40 69  7 (D 0,1,1) (S 73,1,11) (S 27,11,16) (S 50,14,8) (S 7,8,8) (S 57,8,40) (D 0,1,1)
 0 1 3 117 167  12 (D 0,1,1) (S 12,35,35) (S 48,28,27) (S 23,27,27) (S 42,27,28) (S 61,28,35) (S 70,35,34) (S 54,34,26) (S 3,26,26) (S 17,33,33) (S 46,33,1) (D 0,1,1)
 0 1 4 127 198  22 (D 0,1,1) (S 55,2,6) (S 21,12,12) (S 45,12,17) (S 30,17,18) (S 75,21,20) (S 1,20,20) (S 64,20,23) (S 16,23,23) (S 29,23,24) (S 25,24,21) (S 67,21,22) (S 47,22,25) (S 40,25,24) (S 76,24,25) (S 41,25,22) (S 38,13,18) (S 15,18,18) (S 65,18,19) (S 33,19,13) (S 20,13,13) (D 0,1,1)
 0 1 5 19 25  5 (D 0,1,1) (S 60,1,6) (S 14,6,6) (S 59,6,1) (D 0,1,1)
 0 1 6 34 54  9 (D 0,1,1) (S 8,3,3) (S 6,4,4) (S 68,4,3) (S 24,3,7) (S 19,7,7) (S 28,7,13) (S 39,13,12) (D 0,1,1)
 0 1 7 71 101  11 (D 0,1,1) (S 34,1,8) (S 52,8,9) (S 9,9,9) (S 74,9,15) (S 10,15,15) (S 35,15,16) (S 62,11,12) (S 11,2,2) (S 72,2,1) (D 0,1,1)
 0 1 8 33 57  5 (D 0,1,1) (S 26,1,40) (S 2,10,10) (S 36,10,1) (D 0,1,1)
