206
8
1748014338
 0 1 1 6 8  3 (D 0,1,1) (S 17,1,6) (D 0,1,1)
 0 1 2 22 26  4 (D 0,1,1) (S 4,3,3) (S 9,3,5) (D 0,1,1)
 0 1 3 11 15  4 (D 0,1,1) (S 8,1,4) (S 20,4,7) (D 0,1,1)
 0 1 4 22 28  5 (D 0,1,1) (S 13,3,7) (S 5,7,7) (S 14,7,8) (D 0,1,1)
 0 1 5 21 27  5 (D 0,1,1) (S 15,2,6) (S 7,6,6) (S 11,6,8) (D 0,1,1)
 0 1 6 23 29  5 (D 0,1,1) (S 18,2,4) (S 3,4,4) (S 10,4,8) (D 0,1,1)
 0 1 7 29 35  5 (D 0,1,1) (S 2,2,2) (S 12,2,3) (S 19,3,4) (D 0,1,1)
 0 1 8 34 38  5 (D 0,1,1) (S 6,5,5) (S 16,5,8) (S 1,8,8) (D 0,1,1)
