281
8
1748014338
 0 1 1 21 33  5 (D 0,1,1) (S 16,1,6) (S 5,6,6) (S 8,6,10) (D 0,1,1)
 0 1 2 13 27  5 (D 0,1,1) (S 18,1,5) (S 14,5,7) (S 19,7,10) (D 0,1,1)
 0 1 3 11 27  4 (D 0,1,1) (S 23,1,8) (S 30,4,9) (D 0,1,1)
 0 1 4 22 34  4 (D 0,1,1) (S 3,3,3) (S 29,2,6) (D 0,1,1)
 0 1 5 22 28  5 (D 0,1,1) (S 25,2,3) (S 27,3,11) (S 6,11,11) (D 0,1,1)
 0 1 6 27 52  8 (D 0,1,1) (S 11,2,4) (S 20,4,8) (S 1,8,8) (S 31,2,5) (S 13,3,6) (S 26,6,11) (D 0,1,1)
 0 1 7 18 31  5 (D 0,1,1) (S 15,1,10) (S 2,2,2) (S 17,2,9) (D 0,1,1)
 0 1 8 20 30  6 (D 0,1,1) (S 9,1,9) (S 4,9,9) (S 10,9,7) (S 7,7,7) (D 0,1,1)
