14273
7
1748014347
 0 1 1 1523 1944  7 (D 0,1,1) (S 42,2,6) (S 20,12,22) (S 8,22,23) (S 35,23,17) (S 25,17,13) (D 0,1,1)
 0 1 2 1728 2101  8 (D 0,1,1) (S 38,11,16) (S 9,16,21) (S 16,21,20) (S 41,20,10) (S 6,10,10) (S 34,10,1) (D 0,1,1)
 0 1 3 1037 1275  6 (D 0,1,1) (S 10,2,7) (S 7,7,7) (S 30,7,6) (S 31,11,10) (D 0,1,1)
 0 1 4 1889 2133  8 (D 0,1,1) (S 14,6,12) (S 26,12,13) (S 13,3,9) (S 36,9,14) (S 39,10,16) (S 2,16,16) (D 0,1,1)
 0 1 5 1340 1411  5 (D 0,1,1) (S 4,19,19) (S 22,19,15) (S 11,15,14) (D 0,1,1)
 0 1 6 1920 2099  8 (D 0,1,1) (S 5,4,4) (S 18,4,9) (S 12,9,15) (S 32,14,18) (S 37,25,24) (S 17,22,21) (D 0,1,1)
 0 1 7 1879 1664  7 (D 0,1,1) (S 21,3,4) (S 40,4,5) (S 1,5,5) (S 3,18,18) (S 15,18,17) (D 0,1,1)
