473
8
1748014338
 0 1 1 27 67  3 (D 0,1,1) (S 5,8,8) (D 0,1,1)
 0 1 2 26 68  4 (D 0,1,1) (S 9,1,2) (S 21,2,8) (D 0,1,1)
 0 1 3 27 55  6 (D 0,1,1) (S 18,4,3) (S 19,3,6) (S 3,6,6) (S 14,6,7) (D 0,1,1)
 0 1 4 22 52  5 (D 0,1,1) (S 11,1,5) (S 15,5,9) (S 6,9,9) (D 0,1,1)
 0 1 5 29 52  5 (D 0,1,1) (S 13,4,5) (S 8,5,5) (S 12,5,7) (D 0,1,1)
 0 1 6 35 53  5 (D 0,1,1) (S 7,4,4) (S 10,4,2) (S 4,2,2) (D 0,1,1)
 0 1 7 40 79  5 (D 0,1,1) (S 17,1,9) (S 2,3,3) (S 16,3,7) (D 0,1,1)
 0 1 8 39 47  4 (D 0,1,1) (S 20,1,7) (S 1,7,7) (D 0,1,1)
