525
8
1748014338
 0 1 1 31 49  3 (D 0,1,1) (S 5,2,2) (D 0,1,1)
 0 1 2 41 78  5 (D 0,1,1) (S 7,9,9) (S 8,9,6) (S 6,6,6) (D 0,1,1)
 0 1 3 31 53  5 (D 0,1,1) (S 12,1,5) (S 2,5,5) (S 19,5,7) (D 0,1,1)
 0 1 4 28 40  4 (D 0,1,1) (S 4,4,4) (S 18,4,1) (D 0,1,1)
 0 1 5 39 104  7 (D 0,1,1) (S 1,3,3) (S 11,3,4) (S 22,4,2) (S 9,2,8) (S 15,8,9) (D 0,1,1)
 0 1 6 28 74  4 (D 0,1,1) (S 14,1,8) (S 21,3,1) (D 0,1,1)
 0 1 7 17 35  4 (D 0,1,1) (S 3,7,7) (S 20,7,10) (D 0,1,1)
 0 1 8 30 80  5 (D 0,1,1) (S 13,1,7) (S 10,7,8) (S 23,8,10) (D 0,1,1)
