233
9
255921120
140138280
0 1 1 24 29 5 (D 1,1,1) (S 1,2,2) (S 17,1,4) (S 23,2,4) (D 1,1,1)
0 1 2 44 49 9 (D 1,1,1) (S 3,4,4) (S 7,9,9) (S 15,8,9) (S 20,1,9) (S 36,7,9) (S 26,3,9) (S 35,6,9) (D 1,1,1)
0 1 3 21 23 6 (D 1,1,1) (S 4,5,5) (S 18,1,5) (S 24,2,5) (S 25,3,5) (D 1,1,1)
0 1 4 21 23 4 (D 1,1,1) (S 5,6,6) (S 29,4,6) (D 1,1,1)
0 1 5 18 20 6 (D 1,1,1) (S 6,7,7) (S 9,1,7) (S 34,6,7) (S 30,4,7) (D 1,1,1)
0 1 6 27 31 8 (D 1,1,1) (S 8,10,10) (S 14,7,10) (S 27,3,10) (S 31,4,10) (S 12,5,10) (S 13,6,10) (D 1,1,1)
0 1 7 34 38 7 (D 1,1,1) (S 10,3,7) (S 21,1,11) (S 32,4,11) (S 33,5,11) (S 28,3,11) (D 1,1,1)
0 1 8 8 10 4 (D 1,1,1) (S 11,5,8) (S 19,1,8) (D 1,1,1)
0 1 9 8 10 5 (D 1,1,1) (S 2,3,3) (S 16,1,3) (S 22,2,3) (D 1,1,1)
