1104
7
1748014340
 0 1 1 134 242  22 (D 0,1,1) (S 100,17,30) (S 89,38,37) (S 110,34,33) (S 85,33,41) (S 33,41,42) (S 56,42,43) (S 17,43,43) (S 42,43,44) (S 26,35,35) (S 37,35,36) (S 8,38,38) (S 29,39,47) (S 44,47,40) (S 38,31,32) (S 48,32,40) (S 65,40,39) (S 57,39,31) (S 4,39,39) (S 107,39,40) (S 90,31,17) (D 0,1,1)
 0 1 2 36 53  9 (D 0,1,1) (S 75,1,15) (S 103,23,24) (S 22,24,24) (S 9,29,29) (S 79,29,24) (S 24,15,15) (S 83,15,1) (D 0,1,1)
 0 1 3 98 142  18 (D 0,1,1) (S 45,10,11) (S 3,11,11) (S 55,11,12) (S 51,11,6) (S 14,6,6) (S 5,2,2) (S 101,2,3) (S 84,3,2) (S 47,3,4) (S 76,4,7) (S 15,7,7) (S 88,7,4) (S 41,3,6) (S 31,5,10) (S 6,10,10) (S 86,5,1) (D 0,1,1)
 0 1 4 118 214  22 (D 0,1,1) (S 40,1,9) (S 92,22,28) (S 32,28,36) (S 25,36,36) (S 93,36,38) (S 30,38,46) (S 66,45,49) (S 71,49,50) (S 59,50,49) (S 104,49,45) (S 19,45,45) (S 58,45,48) (S 35,48,49) (S 50,50,46) (S 82,50,45) (S 109,45,50) (S 60,45,44) (S 99,33,34) (S 52,34,42) (S 62,41,33) (D 0,1,1)
 0 1 5 89 145  16 (D 0,1,1) (S 49,14,23) (S 78,23,22) (S 81,22,13) (S 28,14,22) (S 64,22,23) (S 43,23,29) (S 21,30,30) (S 67,30,29) (S 94,29,28) (S 95,28,27) (S 1,27,27) (S 13,26,26) (S 18,25,25) (S 23,13,13) (D 0,1,1)
 0 1 6 98 156  21 (D 0,1,1) (S 53,10,17) (S 7,17,17) (S 105,17,18) (S 20,18,18) (S 91,18,19) (S 2,19,19) (S 54,19,12) (S 36,17,24) (S 70,23,28) (S 108,28,22) (S 102,22,21) (S 87,21,20) (S 12,20,20) (S 72,20,21) (S 27,21,21) (S 96,21,26) (S 97,26,25) (S 69,21,13) (S 11,9,9) (D 0,1,1)
 0 1 7 81 132  12 (D 0,1,1) (S 16,16,16) (S 34,14,15) (S 46,15,24) (S 68,24,29) (S 61,29,37) (S 39,37,44) (S 77,43,35) (S 106,35,34) (S 74,13,8) (S 10,8,8) (D 0,1,1)
