503
8
0
0
0 1 1 41 79 7 (D 1,1,1) (S 1,2,2) (S 14,2,3) (S 16,3,6) (S 8,1,6) (S 21,8,10) (D 1,1,1)
0 1 2 27 45 4 (D 1,1,1) (S 2,3,3) (S 5,6,6) (D 1,1,1)
0 1 3 35 47 3 (D 1,1,1) (S 3,4,4) (D 1,1,1)
0 1 4 27 57 4 (D 1,1,1) (S 4,5,5) (S 7,9,9) (D 1,1,1)
0 1 5 27 35 3 (D 1,1,1) (S 6,7,7) (D 1,1,1)
0 1 6 20 73 5 (D 1,1,1) (S 9,6,7) (S 19,7,8) (S 20,7,9) (D 1,1,1)
0 1 7 35 101 5 (D 1,1,1) (S 10,8,9) (S 11,1,8) (S 12,1,9) (D 1,1,1)
0 1 8 33 66 6 (D 1,1,1) (S 13,2,1) (S 15,2,5) (S 18,5,6) (S 17,4,2) (D 1,1,1)
