280
7
15819968
15819968
0 1 1 17 25 6 (D 1,1,1) (S 1,3,3) (S 2,4,4) (S 17,1,2) (S 26,2,4) (D 1,1,1)
0 1 2 23 41 9 (D 1,1,1) (S 3,5,5) (S 19,5,11) (S 20,10,11) (S 10,15,15) (S 22,11,15) (S 34,16,15) (S 18,1,3) (D 1,1,1)
0 1 3 14 33 6 (D 1,1,1) (S 4,6,6) (S 8,12,12) (S 9,13,13) (S 28,6,12) (D 1,1,1)
0 1 4 26 57 10 (D 1,1,1) (S 11,16,16) (S 33,13,14) (S 12,18,18) (S 23,14,18) (S 35,17,18) (S 32,13,12) (S 30,11,12) (S 7,9,9) (D 1,1,1)
0 1 5 21 42 8 (D 1,1,1) (S 13,19,19) (S 36,22,19) (S 14,20,20) (S 21,10,20) (S 37,23,20) (S 16,22,22) (D 1,1,1)
0 1 6 16 37 6 (D 1,1,1) (S 15,21,21) (S 24,15,21) (S 25,21,24) (S 38,23,24) (D 1,1,1)
0 1 7 20 45 7 (D 1,1,1) (S 27,5,6) (S 31,12,6) (S 5,7,7) (S 6,8,8) (S 29,8,7) (D 1,1,1)
