335
8
0
0
0 1 1 7 13 4 (D 1,1,1) (S 1,3,3) (S 14,1,2) (D 1,1,1)
0 1 2 20 40 7 (D 1,1,1) (S 2,4,4) (S 25,4,2) (S 8,11,11) (S 9,12,12) (S 16,5,10) (D 1,1,1)
0 1 3 18 43 6 (D 1,1,1) (S 3,5,5) (S 4,7,7) (S 5,8,8) (S 27,6,12) (D 1,1,1)
0 1 4 20 45 8 (D 1,1,1) (S 6,9,9) (S 18,9,10) (S 19,10,11) (S 26,5,6) (S 7,10,10) (S 28,9,3) (D 1,1,1)
0 1 5 19 54 7 (D 1,1,1) (S 10,15,15) (S 11,16,16) (S 22,16,17) (S 17,6,7) (S 29,12,6) (D 1,1,1)
0 1 6 19 52 8 (D 1,1,1) (S 12,18,18) (S 31,13,14) (S 32,17,18) (S 21,14,18) (S 20,13,17) (S 30,13,12) (D 1,1,1)
0 1 7 20 52 9 (D 1,1,1) (S 13,22,22) (S 23,21,24) (S 33,19,20) (S 34,20,23) (S 35,21,20) (S 15,3,4) (S 24,2,4) (D 1,1,1)
0 1 8 14 36 5 (D 1,1,1) (S 36,22,19) (S 38,23,24) (S 37,23,20) (D 1,1,1)
