571
10
0
0
0 1 1 25 77 7 (D 1,1,1) (S 24,6,10) (S 26,10,11) (S 19,6,7) (S 6,7,7) (S 17,1,27) (D 1,1,1)
0 1 2 27 73 8 (D 1,1,1) (S 34,21,23) (S 12,23,23) (S 35,22,23) (S 36,23,26) (S 14,25,25) (S 28,14,16) (D 1,1,1)
0 1 3 17 33 4 (D 1,1,1) (S 21,1,17) (S 1,2,2) (D 1,1,1)
0 1 4 26 59 5 (D 1,1,1) (S 29,14,20) (S 10,18,18) (S 8,14,14) (D 1,1,1)
0 1 5 27 63 7 (D 1,1,1) (S 31,18,21) (S 32,20,21) (S 20,21,25) (S 33,21,22) (S 11,22,22) (D 1,1,1)
0 1 6 27 53 7 (D 1,1,1) (S 22,2,1) (S 16,1,19) (S 37,24,27) (S 15,26,26) (S 13,24,24) (D 1,1,1)
0 1 7 23 49 4 (D 1,1,1) (S 2,3,3) (S 23,3,8) (D 1,1,1)
0 1 8 25 60 4 (D 1,1,1) (S 3,4,4) (S 18,5,9) (D 1,1,1)
0 1 9 25 45 6 (D 1,1,1) (S 30,16,17) (S 9,15,15) (S 7,13,13) (S 27,12,13) (D 1,1,1)
0 1 10 27 59 5 (D 1,1,1) (S 5,6,6) (S 25,8,9) (S 4,5,5) (D 1,1,1)
