964
10
102009337
102009337
0 1 1 38 56 4 (D 1,1,1) (S 6,9,9) (S 24,8,9) (D 1,1,1)
0 1 2 59 101 7 (D 1,1,1) (S 10,17,17) (S 30,16,17) (S 26,10,19) (S 11,18,18) (S 67,23,18) (D 1,1,1)
0 1 3 69 141 10 (D 1,1,1) (S 12,20,20) (S 36,24,27) (S 33,20,27) (S 17,27,27) (S 14,24,24) (S 34,21,28) (S 27,11,20) (S 59,16,12) (D 1,1,1)
0 1 4 70 133 13 (D 1,1,1) (S 18,29,29) (S 64,21,29) (S 66,22,29) (S 69,25,29) (S 70,28,29) (S 75,30,29) (S 13,21,21) (S 31,16,21) (S 65,22,21) (S 71,29,21) (S 32,17,22) (D 1,1,1)
0 1 5 28 42 6 (D 1,1,1) (S 19,1,2) (S 47,9,2) (S 1,3,3) (S 38,2,3) (D 1,1,1)
0 1 6 54 72 8 (D 1,1,1) (S 20,1,5) (S 41,4,5) (S 5,8,8) (S 21,1,8) (S 22,5,8) (S 23,7,8) (D 1,1,1)
0 1 7 65 94 10 (D 1,1,1) (S 40,3,2) (S 39,2,9) (S 49,10,9) (S 58,15,9) (S 8,15,15) (S 25,10,15) (S 29,14,15) (S 48,9,10) (D 1,1,1)
0 1 8 72 135 16 (D 1,1,1) (S 42,4,7) (S 43,6,7) (S 3,6,6) (S 45,7,6) (S 51,12,11) (S 7,11,11) (S 62,20,16) (S 54,13,16) (S 52,12,16) (S 50,11,16) (S 9,16,16) (S 2,4,4) (S 44,7,4) (S 4,7,7) (D 1,1,1)
0 1 9 47 73 9 (D 1,1,1) (S 53,13,8) (S 55,14,8) (S 28,12,13) (S 46,8,13) (S 56,14,13) (S 60,16,13) (S 61,17,13) (D 1,1,1)
0 1 10 64 117 12 (D 1,1,1) (S 57,14,17) (S 63,21,22) (S 68,23,22) (S 72,29,22) (S 15,25,25) (S 35,22,25) (S 74,30,25) (S 16,26,26) (S 37,26,30) (S 73,30,23) (D 1,1,1)
