953
7
1748014340
 0 1 1 39 57  7 (D 0,1,1) (S 33,16,15) (S 1,15,15) (S 46,9,10) (S 2,10,10) (S 34,10,1) (D 0,1,1)
 0 1 2 27 55  5 (D 0,1,1) (S 29,1,35) (S 53,35,28) (S 63,28,35) (D 0,1,1)
 0 1 3 60 105  10 (D 0,1,1) (S 32,1,8) (S 49,8,14) (S 48,14,8) (S 51,8,9) (S 73,9,15) (S 40,15,14) (S 55,8,40) (S 4,40,40) (D 0,1,1)
 0 1 4 144 253  21 (D 0,1,1) (S 15,11,11) (S 37,13,18) (S 11,25,25) (S 76,24,25) (S 23,24,21) (S 8,21,21) (S 74,21,20) (S 26,13,17) (S 25,17,18) (S 64,18,19) (S 24,7,13) (S 31,13,19) (S 28,18,22) (S 43,22,25) (S 18,23,23) (S 16,20,20) (S 68,20,17) (S 38,13,12) (S 14,12,12) (D 0,1,1)
 0 1 5 27 50  7 (D 0,1,1) (S 72,1,11) (S 36,12,6) (S 77,6,7) (S 78,7,6) (S 57,6,1) (D 0,1,1)
 0 1 6 115 171  19 (D 0,1,1) (S 17,2,2) (S 66,2,36) (S 39,35,36) (S 12,36,36) (S 54,36,37) (S 9,37,37) (S 50,37,31) (S 10,32,32) (S 65,39,5) (S 20,5,5) (S 70,39,38) (S 30,38,37) (S 22,38,4) (S 3,4,4) (S 69,4,3) (S 7,3,3) (S 56,3,2) (D 0,1,1)
 0 1 7 147 255  22 (D 0,1,1) (S 59,1,6) (S 62,6,2) (S 58,2,3) (S 27,3,37) (S 35,30,31) (S 6,31,31) (S 60,31,37) (S 13,30,30) (S 45,30,29) (S 79,29,36) (S 71,35,34) (S 75,26,27) (S 41,27,28) (S 44,28,27) (S 21,27,27) (S 47,26,34) (S 5,34,34) (S 67,33,34) (S 19,26,26) (S 42,33,1) (D 0,1,1)
