1298
9
1748014339
 0 1 1 74 163  14 (D 0,1,1) (S 53,25,29) (S 27,29,30) (S 2,30,30) (S 23,30,31) (S 73,31,32) (S 16,32,32) (S 47,32,27) (S 22,27,27) (S 86,27,28) (S 12,28,28) (S 44,28,27) (S 72,20,19) (D 0,1,1)
 0 1 2 72 135  12 (D 0,1,1) (S 5,8,8) (S 45,8,9) (S 52,3,10) (S 7,10,10) (S 9,3,3) (S 54,3,4) (S 11,4,4) (S 33,4,10) (S 38,10,16) (S 77,16,15) (D 0,1,1)
 0 1 3 75 170  14 (D 0,1,1) (S 85,15,21) (S 21,21,21) (S 36,21,22) (S 31,22,23) (S 29,23,28) (S 8,33,33) (S 13,34,34) (S 84,21,20) (S 58,20,26) (S 1,26,26) (S 35,26,31) (S 76,21,15) (D 0,1,1)
 0 1 4 75 181  13 (D 0,1,1) (S 42,14,15) (S 30,15,22) (S 66,22,28) (S 56,28,34) (S 79,34,24) (S 67,24,17) (S 49,17,11) (S 65,11,17) (S 69,17,24) (S 18,24,24) (S 39,17,16) (D 0,1,1)
 0 1 5 75 187  12 (D 0,1,1) (S 57,7,13) (S 75,10,11) (S 10,11,11) (S 63,11,5) (S 83,5,11) (S 43,11,10) (S 64,16,23) (S 26,23,24) (S 68,24,11) (S 82,5,4) (D 0,1,1)
 0 1 6 74 119  10 (D 0,1,1) (S 28,1,2) (S 19,2,2) (S 40,2,13) (S 32,13,14) (S 15,14,14) (S 60,15,9) (S 20,9,9) (S 48,3,2) (D 0,1,1)
 0 1 7 71 161  11 (D 0,1,1) (S 81,6,7) (S 70,18,29) (S 14,29,29) (S 78,29,25) (S 41,25,26) (S 74,26,20) (S 4,19,19) (S 24,19,25) (S 80,25,30) (D 0,1,1)
 0 1 8 26 50  6 (D 0,1,1) (S 3,6,6) (S 37,6,12) (S 34,12,13) (S 51,13,7) (D 0,1,1)
 0 1 9 72 86  6 (D 0,1,1) (S 17,7,7) (S 6,12,12) (S 55,19,20) (S 62,20,14) (D 0,1,1)
