697
9
186107558
186107558
0 1 1 7 15 3 (D 1,1,1) (S 1,2,2) (D 1,1,1)
0 1 2 13 23 4 (D 1,1,1) (S 2,3,3) (S 22,1,3) (D 1,1,1)
0 1 3 19 53 4 (D 1,1,1) (S 6,10,10) (S 17,9,10) (D 1,1,1)
0 1 4 6 14 3 (D 1,1,1) (S 13,1,2) (D 1,1,1)
0 1 5 74 185 14 (D 1,1,1) (S 18,11,15) (S 21,20,21) (S 12,21,21) (S 34,15,21) (S 43,23,24) (S 44,24,21) (S 10,18,18) (S 5,7,7) (S 23,8,7) (S 4,6,6) (S 28,12,6) (S 16,8,14) (D 1,1,1)
0 1 6 60 143 12 (D 1,1,1) (S 19,17,18) (S 32,14,18) (S 36,17,13) (S 31,14,13) (S 8,12,12) (S 35,16,12) (S 30,13,17) (S 33,15,16) (S 9,16,16) (S 14,3,4) (D 1,1,1)
0 1 7 28 56 4 (D 1,1,1) (S 3,5,5) (S 15,4,5) (D 1,1,1)
0 1 8 36 82 7 (D 1,1,1) (S 24,9,3) (S 20,19,22) (S 42,23,22) (S 25,9,19) (S 37,19,9) (D 1,1,1)
0 1 9 67 126 12 (D 1,1,1) (S 27,11,5) (S 7,11,11) (S 26,10,11) (S 29,12,11) (S 38,19,20) (S 41,23,20) (S 39,20,23) (S 40,22,23) (S 45,24,23) (S 11,20,20) (D 1,1,1)
