741
8
1748014338
 0 1 1 15 35  3 (D 0,1,1) (S 18,1,4) (D 0,1,1)
 0 1 2 29 115  4 (D 0,1,1) (S 12,10,11) (S 17,11,12) (D 0,1,1)
 0 1 3 31 152  6 (D 0,1,1) (S 7,4,11) (S 16,11,13) (S 5,9,9) (S 9,12,8) (D 0,1,1)
 0 1 4 30 112  5 (D 0,1,1) (S 13,6,12) (S 20,6,10) (S 1,5,5) (D 0,1,1)
 0 1 5 23 69  4 (D 0,1,1) (S 6,4,4) (S 21,4,10) (D 0,1,1)
 0 1 6 31 69  4 (D 0,1,1) (S 2,2,2) (S 14,2,8) (D 0,1,1)
 0 1 7 23 47  5 (D 0,1,1) (S 11,1,2) (S 15,2,3) (S 4,3,3) (D 0,1,1)
 0 1 8 30 138  4 (D 0,1,1) (S 8,1,3) (S 3,12,12) (D 0,1,1)
