595
10
0
0
0 1 1 26 72 9 (D 1,1,1) (S 10,1,15) (S 15,13,14) (S 33,22,23) (S 36,23,26) (S 34,22,25) (S 30,18,25) (S 37,25,26) (D 1,1,1)
0 1 2 26 72 9 (D 1,1,1) (S 28,16,17) (S 6,15,15) (S 27,15,17) (S 7,17,17) (S 18,1,27) (S 14,12,13) (S 19,2,1) (D 1,1,1)
0 1 3 27 70 6 (D 1,1,1) (S 3,5,5) (S 22,6,8) (S 24,8,9) (S 1,3,3) (D 1,1,1)
0 1 4 24 68 5 (D 1,1,1) (S 21,5,6) (S 23,7,11) (S 11,3,8) (D 1,1,1)
0 1 5 16 36 4 (D 1,1,1) (S 20,2,12) (S 25,13,15) (D 1,1,1)
0 1 6 27 62 6 (D 1,1,1) (S 31,20,21) (S 8,21,21) (S 29,18,21) (S 32,21,25) (D 1,1,1)
0 1 7 27 45 5 (D 1,1,1) (S 38,26,27) (S 9,24,24) (S 35,23,24) (D 1,1,1)
0 1 8 25 49 4 (D 1,1,1) (S 4,6,6) (S 17,1,19) (D 1,1,1)
0 1 9 24 56 5 (D 1,1,1) (S 5,14,14) (S 26,14,18) (S 16,21,22) (D 1,1,1)
0 1 10 27 65 5 (D 1,1,1) (S 2,4,4) (S 12,4,10) (S 13,10,11) (D 1,1,1)
