272
9
1748014338
 0 1 1 25 32  5 (D 0,1,1) (S 28,3,4) (S 2,4,4) (S 9,4,9) (D 0,1,1)
 0 1 2 26 21  3 (D 0,1,1) (S 7,2,2) (D 0,1,1)
 0 1 3 24 21  4 (D 0,1,1) (S 3,9,9) (S 11,9,7) (D 0,1,1)
 0 1 4 17 21  5 (D 0,1,1) (S 32,1,6) (S 4,6,6) (S 12,6,8) (D 0,1,1)
 0 1 5 24 15  4 (D 0,1,1) (S 13,5,8) (S 1,7,7) (D 0,1,1)
 0 1 6 27 26  4 (D 0,1,1) (S 30,1,7) (S 6,3,3) (D 0,1,1)
 0 1 7 26 15  4 (D 0,1,1) (S 8,5,5) (S 31,7,10) (D 0,1,1)
 0 1 8 13 8  3 (D 0,1,1) (S 19,1,3) (D 0,1,1)
 0 1 9 23 20  5 (D 0,1,1) (S 5,8,8) (S 24,2,11) (S 27,3,10) (D 0,1,1)
