1301
8
1748014338
 0 1 1 111 215  21 (D 0,1,1) (S 66,27,35) (S 43,35,36) (S 25,36,42) (S 1,42,42) (S 114,44,49) (S 2,49,49) (S 88,49,41) (S 10,41,41) (S 24,41,48) (S 12,48,48) (S 80,48,49) (S 122,49,50) (S 46,38,45) (S 83,50,45) (S 35,43,50) (S 60,50,44) (S 119,44,42) (S 47,31,27) (S 28,35,34) (D 0,1,1)
 0 1 2 13 29  4 (D 0,1,1) (S 61,1,2) (S 112,2,1) (D 0,1,1)
 0 1 3 110 212  21 (D 0,1,1) (S 84,1,5) (S 74,5,18) (S 77,18,29) (S 52,18,26) (S 87,18,19) (S 40,29,39) (S 17,33,33) (S 18,46,46) (S 71,40,47) (S 111,47,40) (S 14,40,40) (S 55,40,33) (S 59,33,40) (S 65,34,33) (S 106,33,34) (S 37,30,27) (S 11,27,27) (S 9,26,26) (S 85,18,5) (D 0,1,1)
 0 1 4 92 179  21 (D 0,1,1) (S 81,5,11) (S 21,11,11) (S 34,11,19) (S 29,29,33) (S 41,33,46) (S 97,47,48) (S 101,41,42) (S 8,36,36) (S 78,36,37) (S 105,31,37) (S 98,37,38) (S 121,43,42) (S 23,34,34) (S 53,34,30) (S 99,29,18) (S 7,19,19) (S 123,19,26) (S 124,26,19) (S 45,11,12) (D 0,1,1)
 0 1 5 119 220  22 (D 0,1,1) (S 49,15,23) (S 38,23,31) (S 86,31,22) (S 30,16,17) (S 76,17,25) (S 104,25,24) (S 42,24,32) (S 70,28,38) (S 13,38,38) (S 116,38,43) (S 3,43,43) (S 48,43,45) (S 94,45,50) (S 90,43,38) (S 51,38,37) (S 108,23,24) (S 115,24,16) (S 56,16,24) (S 58,24,23) (S 95,13,12) (D 0,1,1)
 0 1 6 94 180  21 (D 0,1,1) (S 117,6,7) (S 4,7,7) (S 72,7,8) (S 91,8,14) (S 57,16,9) (S 64,10,4) (S 96,4,10) (S 50,10,17) (S 110,24,25) (S 26,25,28) (S 32,28,32) (S 39,32,37) (S 125,37,31) (S 67,31,32) (S 107,15,16) (S 113,16,15) (S 54,14,13) (S 102,12,13) (S 118,13,6) (D 0,1,1)
 0 1 7 85 129  14 (D 0,1,1) (S 22,6,6) (S 92,12,20) (S 19,20,20) (S 36,20,21) (S 5,21,21) (S 69,21,22) (S 103,22,21) (S 75,13,7) (S 63,8,9) (S 16,9,9) (S 79,9,8) (S 62,8,7) (D 0,1,1)
 0 1 8 80 130  15 (D 0,1,1) (S 15,5,5) (S 73,5,6) (S 44,6,12) (S 68,13,14) (S 82,14,15) (S 109,15,14) (S 31,14,22) (S 33,22,23) (S 89,15,9) (S 27,9,3) (S 20,3,3) (S 6,2,2) (S 93,2,7) (D 0,1,1)
